Pf3D7_01_v3	98866	0.279221	0.380805	0.0334662
Pf3D7_01_v3	124868	0.12987	0.0703593	0.0258832
Pf3D7_01_v3	130339	0.785714	0.711246	0.0176648
Pf3D7_01_v3	137258	0.84058	0.773038	0.0161102
Pf3D7_01_v3	138823	0.363636	0.306667	0.00475394
Pf3D7_01_v3	141594	0.0454545	0.107784	0.0378405
Pf3D7_01_v3	145560	0.440789	0.344311	0.0259057
Pf3D7_01_v3	145682	0.414474	0.483434	0.00953903
Pf3D7_01_v3	155877	0.664474	0.734472	0.0121769
Pf3D7_01_v3	155895	0.636364	0.728125	0.0241865
Pf3D7_01_v3	155939	0.631579	0.734277	0.0318056
Pf3D7_01_v3	155977	0.649351	0.74127	0.0246246
Pf3D7_01_v3	155978	0.649351	0.74127	0.0246246
Pf3D7_01_v3	158952	0.0394737	0.101796	0.0414085
Pf3D7_01_v3	161865	0.36	0.267267	0.026342
Pf3D7_01_v3	161885	0.707792	0.758308	0.00448615
Pf3D7_01_v3	162981	0.636364	0.723054	0.0217596
Pf3D7_01_v3	163145	0.428571	0.534743	0.0301683
Pf3D7_01_v3	165214	0.418919	0.46997	0.00214905
Pf3D7_01_v3	165588	0.555556	0.675758	0.0435783
Pf3D7_01_v3	178094	0.424242	0.325228	0.0293186
Pf3D7_01_v3	179265	0.335616	0.437908	0.0279803
Pf3D7_01_v3	179952	0.37013	0.283784	0.0193689
Pf3D7_01_v3	180299	0.581081	0.654237	0.0110299
Pf3D7_01_v3	180309	0.398649	0.466102	0.00765227
Pf3D7_01_v3	180311	0.506849	0.585324	0.012823
Pf3D7_01_v3	180328	0.201299	0.134106	0.0182862
Pf3D7_01_v3	190739	0.292208	0.36976	0.0155538
Pf3D7_01_v3	207736	0.266234	0.211409	0.0064118
Pf3D7_01_v3	238688	0.657534	0.732733	0.0158524
Pf3D7_01_v3	239972	0.727273	0.644531	0.0155041
Pf3D7_01_v3	266480	0.590909	0.532028	0.00375652
Pf3D7_01_v3	267467	0.227273	0.158582	0.0152604
Pf3D7_01_v3	267883	0.162338	0.0975177	0.0207627
Pf3D7_01_v3	275799	0	0.0735736	0.10934
Pf3D7_01_v3	276845	0.954545	0.904192	0.0247878
Pf3D7_01_v3	281975	0.266234	0.361842	0.0209787
Pf3D7_01_v3	309042	0.201299	0.151198	0.00767604
Pf3D7_01_v3	332415	0.168831	0.0555556	0.0927185
Pf3D7_01_v3	349536	0.00724638	0.183871	0.244697
Pf3D7_01_v3	374504	0.393333	0.510542	0.0385203
Pf3D7_01_v3	487057	0.435065	0.525602	0.0203316
Pf3D7_01_v3	495649	0.532468	0.435435	0.0242354
Pf3D7_01_v3	495747	0.38961	0.301515	0.0212714
Pf3D7_01_v3	496805	0.227273	0.177083	0.00491572
Pf3D7_01_v3	496885	0.363636	0.416318	0.00219146
Pf3D7_01_v3	496887	0.363636	0.420502	0.0034719
Pf3D7_01_v3	498090	0.688312	0.598712	0.0164993
Pf3D7_01_v3	499500	0.223684	0.280992	0.00500202
Pf3D7_01_v3	499969	0.532468	0.634409	0.0247532
Pf3D7_01_v3	501176	0.168831	0.102761	0.0233317
Pf3D7_01_v3	501515	0.383117	0.465046	0.0161125
Pf3D7_01_v3	528069	0.480519	0.407166	0.0106054
Pf3D7_01_v3	528580	0.188312	0.132979	0.0104157
Pf3D7_01_v3	534777	0.125	0.293814	0.125693
Pf3D7_01_v3	534856	0.277778	0.337134	0.0066786
Pf3D7_01_v3	535884	0.434211	0.519637	0.0174386
Pf3D7_01_v3	536003	0.493506	0.442598	0.00220498
Pf3D7_01_v3	536106	0.194805	0.287234	0.0311656
Pf3D7_01_v3	536113	0.701299	0.804217	0.0390602
Pf3D7_01_v3	536150	0.155844	0.289394	0.0738615
Pf3D7_01_v3	536302	0.0723684	0.131024	0.0244019
Pf3D7_01_v3	537147	0.38961	0.457958	0.00905724
Pf3D7_01_v3	558242	0.0855263	0.165653	0.0403995
Pf3D7_01_v3	558245	0.253425	0.332317	0.0183717
Pf3D7_01_v3	558256	0.232877	0.304878	0.0154528
Pf3D7_01_v3	558278	0.195946	0.299694	0.0403748
Pf3D7_01_v3	569595	0.407895	0.537764	0.0478397
Pf3D7_02_v3	109634	0.190789	0.275602	0.0264284
Pf3D7_02_v3	109659	0.243243	0.338323	0.029916
Pf3D7_02_v3	109729	0.197368	0.276946	0.0223558
Pf3D7_02_v3	137008	0.213333	0.160772	0.00774063
Pf3D7_02_v3	158568	0.448052	0.507485	0.00546299
Pf3D7_02_v3	167317	0.335526	0.427928	0.0232275
Pf3D7_02_v3	207266	0.746753	0.810811	0.0133693
Pf3D7_02_v3	213574	0.11039	0.0447284	0.0400655
Pf3D7_02_v3	222175	0.86	0.795796	0.0174771
Pf3D7_02_v3	277675	0.363636	0.256061	0.0370342
Pf3D7_02_v3	278215	0.207792	0.121212	0.0371369
Pf3D7_02_v3	278302	0.103896	0.0483384	0.0287812
Pf3D7_02_v3	290589	0.409091	0.269231	0.0550335
Pf3D7_02_v3	290673	0.253247	0.306641	0.00340058
Pf3D7_02_v3	339959	0.644928	0.591743	0.00348321
Pf3D7_02_v3	346073	0.0789474	0.133634	0.0199745
Pf3D7_02_v3	379046	0.512987	0.573801	0.00447583
Pf3D7_02_v3	382789	0.0454545	0.102102	0.0318646
Pf3D7_02_v3	414955	0.253247	0.19962	0.00505066
Pf3D7_02_v3	438323	0.5	0.441617	0.00487773
Pf3D7_02_v3	454617	0.0194805	0.0720721	0.0442193
Pf3D7_02_v3	470013	0.415584	0.35034	0.00679869
Pf3D7_02_v3	470675	0.5	0.431973	0.00744611
Pf3D7_02_v3	472093	0.162338	0.0797101	0.0392608
Pf3D7_02_v3	480927	0.166667	0.221557	0.0100378
Pf3D7_02_v3	503292	0.480519	0.605105	0.0436174
Pf3D7_02_v3	503316	0.344156	0.271772	0.0138013
Pf3D7_02_v3	516865	0.188312	0.257911	0.0154711
Pf3D7_02_v3	518117	0.344156	0.27994	0.00975914
Pf3D7_02_v3	518118	0.344156	0.27994	0.00975914
Pf3D7_02_v3	519457	0.697368	0.595745	0.0299199
Pf3D7_02_v3	530005	0.0909091	0.037594	0.0263996
Pf3D7_02_v3	550704	0.405405	0.340557	0.00804007
Pf3D7_02_v3	558953	0.253247	0.174772	0.0227687
Pf3D7_02_v3	559329	0.168831	0.103604	0.0228525
Pf3D7_02_v3	605425	0.119718	0.214715	0.0476818
Pf3D7_02_v3	618400	0.11039	0.166154	0.0140034
Pf3D7_02_v3	619131	0.331169	0.271212	0.00737624
Pf3D7_02_v3	623146	0.0454545	0.0975976	0.0265881
Pf3D7_02_v3	629375	0.0909091	0.163569	0.0266309
Pf3D7_02_v3	630150	0.0844156	0.177936	0.0479101
Pf3D7_02_v3	630290	0.0974026	0.176471	0.0319824
Pf3D7_02_v3	630420	0.0779221	0.154362	0.0359193
Pf3D7_02_v3	630545	0.0779221	0.176012	0.0599763
Pf3D7_02_v3	630710	0.142857	0.0848485	0.0205778
Pf3D7_02_v3	631092	0.0909091	0.183183	0.050189
Pf3D7_02_v3	631190	0.0909091	0.187126	0.054244
Pf3D7_02_v3	651509	0.123377	0.0660066	0.0225231
Pf3D7_02_v3	660994	0.220779	0.283133	0.00742157
Pf3D7_02_v3	666154	0.439189	0.307808	0.0541398
Pf3D7_02_v3	703541	0.643836	0.557057	0.0197473
Pf3D7_02_v3	703636	0.273333	0.222892	0.00481418
Pf3D7_02_v3	705904	0.223684	0.131737	0.0401744
Pf3D7_02_v3	723984	0.283784	0.358859	0.0149972
Pf3D7_02_v3	774891	0.785714	0.850904	0.0191537
Pf3D7_02_v3	781107	0.0194805	0.0698925	0.0364471
Pf3D7_02_v3	834663	0.24026	0.186747	0.00762042
Pf3D7_02_v3	839251	0.506494	0.598413	0.0203314
Pf3D7_02_v3	839364	0.448052	0.543689	0.0222902
Pf3D7_02_v3	839367	0.448052	0.541801	0.0213221
Pf3D7_02_v3	839370	0.448052	0.543548	0.0222761
Pf3D7_02_v3	839377	0.448052	0.546774	0.02418
Pf3D7_02_v3	839620	0.493506	0.422034	0.00917112
Pf3D7_02_v3	839685	0.181818	0.265574	0.0243567
Pf3D7_02_v3	840040	0.651316	0.795775	0.0682383
Pf3D7_02_v3	841296	0.337662	0.254274	0.015496
Pf3D7_02_v3	841513	0.337662	0.241379	0.0231626
Pf3D7_02_v3	841515	0.337662	0.242424	0.0224329
Pf3D7_02_v3	841563	0.342105	0.256303	0.0170145
Pf3D7_02_v3	841597	0.337662	0.252101	0.0169885
Pf3D7_02_v3	841609	0.331169	0.252119	0.0135236
Pf3D7_02_v3	841795	0.434211	0.38	0.00173154
Pf3D7_02_v3	841800	0.435065	0.381048	0.00165141
Pf3D7_02_v3	841819	0.720779	0.623506	0.0227822
Pf3D7_02_v3	842691	0.422078	0.361592	0.00503311
Pf3D7_02_v3	843078	0.149351	0.0764331	0.0352371
Pf3D7_02_v3	848947	0.416667	0.509259	0.0247407
Pf3D7_02_v3	848964	0.409836	0.511111	0.0298402
Pf3D7_02_v3	848977	0.403226	0.504687	0.0301434
Pf3D7_02_v3	848979	0.403226	0.501563	0.0279447
Pf3D7_02_v3	848988	0.384615	0.5	0.0394884
Pf3D7_02_v3	848999	0.383333	0.495223	0.0381924
Pf3D7_02_v3	849001	0.383333	0.495192	0.0379769
Pf3D7_02_v3	855467	0.227273	0.296875	0.0134658
Pf3D7_02_v3	855562	0.201299	0.251553	0.00524832
Pf3D7_02_v3	855632	0.149351	0.202492	0.0093401
Pf3D7_02_v3	855655	0.136364	0.186916	0.00893107
Pf3D7_02_v3	855656	0.136364	0.186916	0.00893107
Pf3D7_02_v3	855665	0.210526	0.277259	0.013044
Pf3D7_03_v3	71899	0.428571	0.489329	0.00579865
Pf3D7_03_v3	82459	0.324675	0.260542	0.00998792
Pf3D7_03_v3	85825	0.447368	0.536036	0.0192093
Pf3D7_03_v3	85867	0.440789	0.506006	0.00758767
Pf3D7_03_v3	106318	0.0694444	0.0186567	0.0377371
Pf3D7_03_v3	108315	0.0324675	0.0868852	0.0333255
Pf3D7_03_v3	142239	0.142857	0.20997	0.0188932
Pf3D7_03_v3	143964	0.22	0.159306	0.0131278
Pf3D7_03_v3	144000	0.220779	0.166667	0.00872436
Pf3D7_03_v3	184683	0.330986	0.385886	0.00488579
Pf3D7_03_v3	221547	0.289474	0.410788	0.036396
Pf3D7_03_v3	221554	0.76	0.811441	0.00348184
Pf3D7_03_v3	221623	0.168831	0.104701	0.0158671
Pf3D7_03_v3	224779	0.188312	0.0718563	0.0869972
Pf3D7_03_v3	224851	0.344156	0.40991	0.00882081
Pf3D7_03_v3	273124	0.584416	0.643713	0.00601437
Pf3D7_03_v3	282671	0.188312	0.123123	0.0193082
Pf3D7_03_v3	302963	0.36	0.274411	0.0195337
Pf3D7_03_v3	326651	0.350649	0.296073	0.0048134
Pf3D7_03_v3	327078	0.292208	0.240964	0.00479551
Pf3D7_03_v3	350173	0.422078	0.531353	0.0298982
Pf3D7_03_v3	357699	0.116883	0.0564202	0.0250573
Pf3D7_03_v3	360119	0.415584	0.305723	0.0358068
Pf3D7_03_v3	361195	0.285714	0.232036	0.00628216
Pf3D7_03_v3	361199	0.285714	0.218563	0.01354
Pf3D7_03_v3	365946	0.677632	0.761976	0.0226001
Pf3D7_03_v3	383140	0.0789474	0.130631	0.0170871
Pf3D7_03_v3	383262	0.506579	0.417665	0.0195673
Pf3D7_03_v3	414983	0.305195	0.36747	0.00800928
Pf3D7_03_v3	417468	0.284722	0.336957	0.00371117
Pf3D7_03_v3	478889	0.12987	0.039604	0.071263
Pf3D7_03_v3	500855	0.331169	0.219033	0.0440882
Pf3D7_03_v3	501455	0.485714	0.603077	0.039623
Pf3D7_03_v3	501458	0.485714	0.604294	0.0406626
Pf3D7_03_v3	514084	0.253333	0.176737	0.022006
Pf3D7_03_v3	546403	0.0194805	0.0943114	0.0752027
Pf3D7_03_v3	561220	0.727273	0.671687	0.0056183
Pf3D7_03_v3	565085	0.438356	0.575301	0.0546889
Pf3D7_03_v3	586679	0.402597	0.342342	0.00648894
Pf3D7_03_v3	679453	0.668831	0.729042	0.00738278
Pf3D7_03_v3	679524	0.671233	0.619697	0.00324043
Pf3D7_03_v3	717690	0.358108	0.428793	0.010529
Pf3D7_03_v3	730277	0.0779221	0.154618	0.0322674
Pf3D7_03_v3	804092	0.324675	0.274143	0.00308911
Pf3D7_03_v3	818649	0.590278	0.64697	0.00481531
Pf3D7_03_v3	865666	0.0378788	0.10443	0.0496346
Pf3D7_03_v3	878750	0.311688	0.211078	0.0357153
Pf3D7_03_v3	883928	0.04	0.147147	0.0987187
Pf3D7_03_v3	884399	0.25974	0.208084	0.00592958
Pf3D7_03_v3	887819	0.661765	0.607251	0.00420463
Pf3D7_03_v3	887933	0.11194	0.197605	0.0424777
Pf3D7_03_v3	888900	0.309859	0.424925	0.0418109
Pf3D7_03_v3	892443	0.298387	0.483533	0.117257
Pf3D7_03_v3	919244	0.368421	0.31129	0.00504798
Pf3D7_03_v3	924907	0.675325	0.75	0.0158363
Pf3D7_03_v3	950974	0.0779221	0.142216	0.0278684
Pf3D7_03_v3	958132	0.257353	0.347561	0.0264754
Pf3D7_03_v3	974429	0.116883	0.0434132	0.0525263
Pf3D7_04_v3	92909	0.0844156	0.0291411	0.0382059
Pf3D7_04_v3	92919	0.0844156	0.0306748	0.0353285
Pf3D7_04_v3	92920	0.0844156	0.0291411	0.0382059
Pf3D7_04_v3	92938	0.0844156	0.0322086	0.0324696
Pf3D7_04_v3	92948	0.0844156	0.029321	0.037687
Pf3D7_04_v3	103987	0.779221	0.69906	0.0199841
Pf3D7_04_v3	103990	0.564935	0.449367	0.0349677
Pf3D7_04_v3	110012	0.538961	0.406015	0.0432066
Pf3D7_04_v3	110013	0.720779	0.669173	0.00225555
Pf3D7_04_v3	110821	0.272727	0.194529	0.0211776
Pf3D7_04_v3	124690	0.538961	0.488636	0.00175128
Pf3D7_04_v3	138583	0.0921053	0.148649	0.0182096
Pf3D7_04_v3	140725	0.480519	0.391941	0.0165371
Pf3D7_04_v3	140930	0.558442	0.482759	0.00959713
Pf3D7_04_v3	143562	0.363636	0.307359	0.00259532
Pf3D7_04_v3	186753	0.81746	0.896707	0.0396742
Pf3D7_04_v3	190867	0.168831	0.0933735	0.0337981
Pf3D7_04_v3	254143	0.103896	0.0346386	0.0525131
Pf3D7_04_v3	261971	0.108696	0.165663	0.0167644
Pf3D7_04_v3	282524	0.366197	0.306557	0.00634787
Pf3D7_04_v3	283433	0.0921053	0.177656	0.0384998
Pf3D7_04_v3	283484	0.467532	0.521236	0.00146448
Pf3D7_04_v3	283503	0.88961	0.839216	0.00873248
Pf3D7_04_v3	283826	0.772727	0.881481	0.0515999
Pf3D7_04_v3	285770	0.344156	0.404661	0.00378642
Pf3D7_04_v3	285807	0.298701	0.376596	0.0112899
Pf3D7_04_v3	287310	0.833333	0.747664	0.0290999
Pf3D7_04_v3	300851	0.331169	0.205263	0.0517029
Pf3D7_04_v3	354500	0.447368	0.393471	0.00237054
Pf3D7_04_v3	361091	0.038961	0.117117	0.0605751
Pf3D7_04_v3	362687	0.402597	0.513473	0.0338644
Pf3D7_04_v3	389962	0.746753	0.817485	0.01776
Pf3D7_04_v3	390448	0.0519481	0.169697	0.100834
Pf3D7_04_v3	397543	0.198529	0.118619	0.0348046
Pf3D7_04_v3	433645	0.15	0.0797546	0.0341901
Pf3D7_04_v3	435101	0.123377	0.228916	0.0544739
Pf3D7_04_v3	476391	0.155844	0.221386	0.0166636
Pf3D7_04_v3	487211	0.779221	0.700599	0.0200749
Pf3D7_04_v3	514993	0.263158	0.350769	0.022504
Pf3D7_04_v3	515421	0.0194805	0.0906344	0.069725
Pf3D7_04_v3	516211	0.116883	0.0634441	0.0221705
Pf3D7_04_v3	516523	0.197368	0.126126	0.0245119
Pf3D7_04_v3	516697	0.0324675	0.0906344	0.0403823
Pf3D7_04_v3	528762	0.233766	0.175227	0.0107936
Pf3D7_04_v3	529500	0.636364	0.581818	0.00394818
Pf3D7_04_v3	531138	0.642857	0.719723	0.0136919
Pf3D7_04_v3	538493	0.184211	0.106707	0.0327248
Pf3D7_04_v3	538971	0.0666667	0.201863	0.127299
Pf3D7_04_v3	541844	0.356164	0.423653	0.00963684
Pf3D7_04_v3	541856	0.354167	0.432635	0.0153766
Pf3D7_04_v3	543724	0.220779	0.316817	0.0315422
Pf3D7_04_v3	543828	0.0723684	0.136637	0.0295463
Pf3D7_04_v3	628470	0.190789	0.138138	0.00974193
Pf3D7_04_v3	629841	0.162338	0.103604	0.0180593
Pf3D7_04_v3	630923	0.267606	0.201201	0.0142959
Pf3D7_04_v3	635170	0.668831	0.737762	0.0103327
Pf3D7_04_v3	636448	0.52027	0.595941	0.0102118
Pf3D7_04_v3	637010	0.318182	0.245675	0.0128868
Pf3D7_04_v3	637146	0.201299	0.135593	0.0167719
Pf3D7_04_v3	637739	0.201299	0.15	0.00792795
Pf3D7_04_v3	659167	0.662338	0.566265	0.0253883
Pf3D7_04_v3	679043	0.144737	0.202703	0.0128012
Pf3D7_04_v3	683072	0.519481	0.610526	0.0183015
Pf3D7_04_v3	691961	0.623288	0.538922	0.017975
Pf3D7_04_v3	738775	0.454545	0.641768	0.100866
Pf3D7_04_v3	748239	0.460526	0.748466	0.232147
Pf3D7_04_v3	748262	0.493506	0.765432	0.212672
Pf3D7_04_v3	757119	0.423611	0.60961	0.103377
Pf3D7_04_v3	757353	0.150685	0.0658683	0.0543454
Pf3D7_04_v3	758596	0.181818	0.241742	0.0116207
Pf3D7_04_v3	764832	0.105263	0.242331	0.0935652
Pf3D7_04_v3	765991	0.41791	0.5	0.0165474
Pf3D7_04_v3	766723	0.421053	0.539755	0.0385529
Pf3D7_04_v3	766795	0.688312	0.628399	0.00654398
Pf3D7_04_v3	773196	0.220779	0.355049	0.059591
Pf3D7_04_v3	781969	0.14	0.205167	0.0177352
Pf3D7_04_v3	788817	0.0909091	0.172156	0.0400678
Pf3D7_04_v3	792225	0.311688	0.258258	0.00508336
Pf3D7_04_v3	792257	0.493506	0.438623	0.0036604
Pf3D7_04_v3	794319	0.558442	0.694611	0.0568687
Pf3D7_04_v3	794321	0.558442	0.694611	0.0568687
Pf3D7_04_v3	796416	0.193333	0.290769	0.0350118
Pf3D7_04_v3	796423	0.195946	0.292308	0.0342081
Pf3D7_04_v3	797460	0.422078	0.361963	0.00596027
Pf3D7_04_v3	797761	0.626667	0.557325	0.00935897
Pf3D7_04_v3	805165	0.487013	0.429641	0.00441853
Pf3D7_04_v3	805221	0.103896	0.0523952	0.023628
Pf3D7_04_v3	812994	0.217105	0.269578	0.00620159
Pf3D7_04_v3	818014	0.0584416	0.151198	0.0665286
Pf3D7_04_v3	831954	0.708333	0.783333	0.0197641
Pf3D7_04_v3	839310	0.756757	0.660079	0.0245051
Pf3D7_04_v3	850002	0.586538	0.736364	0.0905283
Pf3D7_04_v3	856082	0.0855263	0.148649	0.0244512
Pf3D7_04_v3	863381	0.318182	0.424658	0.0296513
Pf3D7_04_v3	863561	0.532895	0.427509	0.0253228
Pf3D7_04_v3	879682	0.0925926	0.181467	0.0470906
Pf3D7_04_v3	881382	0.415584	0.335329	0.0161077
Pf3D7_04_v3	884404	0.0909091	0.027027	0.0509698
Pf3D7_04_v3	887796	0.150685	0.250751	0.0449623
Pf3D7_04_v3	887844	0.142857	0.257485	0.0586953
Pf3D7_04_v3	887989	0.681818	0.744012	0.00942398
Pf3D7_04_v3	888001	0.217105	0.162651	0.00979974
Pf3D7_04_v3	889062	0.646154	0.722892	0.0168006
Pf3D7_04_v3	891732	0.0584416	0.1231	0.0342404
Pf3D7_04_v3	896497	0.0454545	0.096875	0.0244585
Pf3D7_04_v3	898407	0.606383	0.69586	0.0279627
Pf3D7_04_v3	898452	0.234694	0.498403	0.250328
Pf3D7_04_v3	898661	0.0211268	0.0802469	0.0524099
Pf3D7_04_v3	898668	0.0634921	0.159375	0.0726593
Pf3D7_04_v3	898815	0.435065	0.318038	0.0387492
Pf3D7_04_v3	900963	0.214286	0.141234	0.0218553
Pf3D7_04_v3	901096	0.344156	0.265924	0.0160048
Pf3D7_04_v3	901429	0.210145	0.273585	0.011418
Pf3D7_04_v3	902548	0.695652	0.779141	0.0241552
Pf3D7_04_v3	903207	0.727273	0.790909	0.0114838
Pf3D7_04_v3	907571	0.603896	0.532308	0.0102907
Pf3D7_04_v3	908685	0.513333	0.621581	0.0322626
Pf3D7_04_v3	908786	0.464286	0.591837	0.050408
Pf3D7_04_v3	910317	0.435065	0.495482	0.00556825
Pf3D7_04_v3	910443	0.448052	0.504545	0.00419757
Pf3D7_04_v3	918934	0.279221	0.201201	0.02041
Pf3D7_04_v3	919351	0.0571429	0.152568	0.0733077
Pf3D7_04_v3	920895	0.642857	0.711712	0.0113131
Pf3D7_04_v3	922780	0.279221	0.226316	0.00404353
Pf3D7_04_v3	925583	0.311688	0.239051	0.0123292
Pf3D7_04_v3	925627	0.467532	0.380515	0.015659
Pf3D7_04_v3	925978	0.0714286	0.0176056	0.0431372
Pf3D7_04_v3	927454	0.164384	0.264264	0.0419898
Pf3D7_04_v3	929370	0.272727	0.328267	0.00562382
Pf3D7_04_v3	932891	0.188312	0.100904	0.0428341
Pf3D7_04_v3	988749	0.590909	0.650376	0.00418179
Pf3D7_04_v3	990908	0.253333	0.175497	0.0208525
Pf3D7_04_v3	991455	0.753247	0.830247	0.0224401
Pf3D7_04_v3	992490	0.164474	0.110092	0.0143892
Pf3D7_04_v3	992676	0.136364	0.0843558	0.0154758
Pf3D7_04_v3	993222	0.513514	0.422256	0.0210239
Pf3D7_04_v3	993272	0.506667	0.400612	0.0301754
Pf3D7_04_v3	993362	0.513333	0.449541	0.00697659
Pf3D7_04_v3	993752	0.0519481	0.106928	0.0272994
Pf3D7_04_v3	993767	0.272727	0.343939	0.0131203
Pf3D7_04_v3	997348	0.0909091	0.144578	0.0158467
Pf3D7_04_v3	1002051	0.560811	0.634731	0.0126418
Pf3D7_04_v3	1006032	0.487013	0.424012	0.00662506
Pf3D7_04_v3	1015179	0.138158	0.0848485	0.016907
Pf3D7_04_v3	1037433	0.207792	0.326923	0.046336
Pf3D7_04_v3	1037656	0.350649	0.420213	0.00834942
Pf3D7_04_v3	1043003	0.292208	0.373494	0.0176944
Pf3D7_04_v3	1043476	0.128378	0.233434	0.0537154
Pf3D7_04_v3	1043488	0.484848	0.536145	0.00222459
Pf3D7_04_v3	1055978	0.234848	0.354103	0.0519965
Pf3D7_04_v3	1083336	0.623377	0.701807	0.0158094
Pf3D7_04_v3	1086685	0.856061	0.931667	0.0420434
Pf3D7_04_v3	1113367	0.0649351	0.115152	0.0190471
Pf3D7_04_v3	1134465	0.178082	0.262121	0.0278806
Pf3D7_04_v3	1134473	0.112676	0.198171	0.039976
Pf3D7_04_v3	1134489	0.257576	0.361702	0.0377381
Pf3D7_04_v3	1134504	0.198276	0.310284	0.0490245
Pf3D7_04_v3	1134508	0.0454545	0.171171	0.128306
Pf3D7_04_v3	1134510	0.140845	0.212991	0.0236354
Pf3D7_04_v3	1134513	0.0454545	0.168168	0.123991
Pf3D7_04_v3	1134523	0.0985915	0.19697	0.057172
Pf3D7_04_v3	1134525	0.0530303	0.167169	0.104902
Pf3D7_04_v3	1134526	0.0530303	0.167169	0.104902
Pf3D7_04_v3	1134537	0.046875	0.16967	0.124922
Pf3D7_04_v3	1134541	0.0546875	0.16967	0.106856
Pf3D7_04_v3	1134543	0.0958904	0.190909	0.0537137
Pf3D7_04_v3	1134544	0.183333	0.37538	0.149799
Pf3D7_04_v3	1134553	0.109589	0.206061	0.0511251
Pf3D7_04_v3	1134555	0.109589	0.203647	0.0486507
Pf3D7_04_v3	1134564	0.116438	0.204893	0.0412127
Pf3D7_04_v3	1134777	0.322368	0.269231	0.00470911
Pf3D7_04_v3	1136615	0.0633803	0.113636	0.0201053
Pf3D7_04_v3	1136631	0.0486111	0.111782	0.0388394
Pf3D7_04_v3	1136634	0.0486111	0.113293	0.0405814
Pf3D7_04_v3	1136643	0.0492958	0.113982	0.0403146
Pf3D7_04_v3	1136835	0.402597	0.350299	0.00334798
Pf3D7_04_v3	1137262	0.355932	0.526316	0.0932221
Pf3D7_04_v3	1137276	0.391667	0.537855	0.0685693
Pf3D7_04_v3	1137285	0.285714	0.434251	0.0759745
Pf3D7_04_v3	1137298	0.364407	0.501603	0.0607887
Pf3D7_04_v3	1137348	0.478571	0.532895	0.0025834
Pf3D7_05_v3	59688	0.186567	0.10303	0.0415108
Pf3D7_05_v3	69564	0.558442	0.613293	0.00388248
Pf3D7_05_v3	69585	0.558442	0.611782	0.00323442
Pf3D7_05_v3	84637	0.0194805	0.147975	0.149105
Pf3D7_05_v3	88791	0.376623	0.478916	0.0282821
Pf3D7_05_v3	99196	0.292208	0.182371	0.0461272
Pf3D7_05_v3	131301	0.857143	0.918675	0.0256525
Pf3D7_05_v3	132135	0.467532	0.52259	0.00410255
Pf3D7_05_v3	180912	0.0652174	0.166052	0.0658972
Pf3D7_05_v3	202752	0.373333	0.521352	0.0577105
Pf3D7_05_v3	213086	0.707792	0.650155	0.00590435
Pf3D7_05_v3	286660	0.162338	0.0918803	0.0224838
Pf3D7_05_v3	307994	0.0974026	0.0428082	0.0275004
Pf3D7_05_v3	323247	1	0.9	0.251625
Pf3D7_05_v3	323339	0.802817	0.751534	0.0060782
Pf3D7_05_v3	329493	0.461039	0.577399	0.0365761
Pf3D7_05_v3	329612	0.0584416	0.121166	0.0315394
Pf3D7_05_v3	329613	0.714286	0.768025	0.00603773
Pf3D7_05_v3	358951	0.24026	0.160661	0.0256427
Pf3D7_05_v3	363660	0.331169	0.427928	0.0258761
Pf3D7_05_v3	364227	0.616883	0.709581	0.0245705
Pf3D7_05_v3	368632	0.246753	0.15566	0.0334897
Pf3D7_05_v3	369646	0.385714	0.443144	0.00399074
Pf3D7_05_v3	369684	0.549296	0.607973	0.00419253
Pf3D7_05_v3	376115	0.328947	0.404531	0.0129311
Pf3D7_05_v3	389925	0.0847458	0.161184	0.0402187
Pf3D7_05_v3	390886	0.136364	0.1875	0.00705755
Pf3D7_05_v3	391061	0.493506	0.606178	0.0287818
Pf3D7_05_v3	391101	0.184211	0.093985	0.0410371
Pf3D7_05_v3	397372	0.0844156	0.0285285	0.0399129
Pf3D7_05_v3	419073	0.0466667	0.113772	0.0425242
Pf3D7_05_v3	474904	0.558442	0.431034	0.0385076
Pf3D7_05_v3	475055	0.5	0.418478	0.0130855
Pf3D7_05_v3	475188	0.526316	0.437729	0.0163322
Pf3D7_05_v3	476050	0.0986842	0.153968	0.0155926
Pf3D7_05_v3	476562	0.302632	0.241325	0.00853569
Pf3D7_05_v3	476889	0.826667	0.776435	0.00648536
Pf3D7_05_v3	477271	0.224638	0.3125	0.0264521
Pf3D7_05_v3	482076	0.0921053	0.039039	0.0315224
Pf3D7_05_v3	482152	0.296053	0.357357	0.0076342
Pf3D7_05_v3	525899	0.1	0.156156	0.0165103
Pf3D7_05_v3	530776	0.230263	0.317771	0.0247783
Pf3D7_05_v3	561510	0.603896	0.693114	0.0220738
Pf3D7_05_v3	564532	0.0821918	0.145897	0.0267591
Pf3D7_05_v3	585378	0	0.0508982	0.0751014
Pf3D7_05_v3	600413	0.753247	0.803951	0.00567615
Pf3D7_05_v3	601824	0.105263	0.190994	0.0397069
Pf3D7_05_v3	610440	0.298701	0.243976	0.00604337
Pf3D7_05_v3	614635	0.181818	0.270958	0.030576
Pf3D7_05_v3	615283	0.121622	0.0673653	0.0219523
Pf3D7_05_v3	615420	0.142857	0.0928144	0.012927
Pf3D7_05_v3	615484	0.344156	0.269461	0.0149445
Pf3D7_05_v3	615541	0.279221	0.207207	0.0164972
Pf3D7_05_v3	615926	0.785714	0.696108	0.0273564
Pf3D7_05_v3	616768	0.0909091	0.177177	0.0449359
Pf3D7_05_v3	622891	0.00666667	0.0878378	0.0994888
Pf3D7_05_v3	625590	0.0357143	0.114114	0.0669614
Pf3D7_05_v3	632151	0.220779	0.105166	0.0617989
Pf3D7_05_v3	658627	0.282895	0.217718	0.0119097
Pf3D7_05_v3	669006	0.292208	0.238782	0.005191
Pf3D7_05_v3	671370	0.318182	0.433934	0.0394997
Pf3D7_05_v3	674663	0.0974026	0.0376506	0.03926
Pf3D7_05_v3	680094	0.101562	0.213355	0.0710937
Pf3D7_05_v3	680113	0.0846154	0.205128	0.0893941
Pf3D7_05_v3	680117	0.0846154	0.202572	0.08608
Pf3D7_05_v3	680124	0.0846154	0.199357	0.0821193
Pf3D7_05_v3	680745	0.662338	0.577882	0.0176586
Pf3D7_05_v3	694497	0.137931	0.226984	0.0410624
Pf3D7_05_v3	702181	0.201299	0.133466	0.0157636
Pf3D7_05_v3	702709	0.103896	0.0443548	0.0289029
Pf3D7_05_v3	746067	0.948052	0.894	0.020858
Pf3D7_05_v3	750723	0.586538	0.798246	0.168077
Pf3D7_05_v3	753909	0.214286	0.152108	0.0148975
Pf3D7_05_v3	778626	0.0694444	0.0151515	0.0531182
Pf3D7_05_v3	784835	0.0909091	0.0269461	0.0523465
Pf3D7_05_v3	796194	0.279221	0.184211	0.0336102
Pf3D7_05_v3	801588	0.743421	0.799401	0.00792076
Pf3D7_05_v3	806914	0.344156	0.285285	0.00671937
Pf3D7_05_v3	807383	0.202703	0.25976	0.00892928
Pf3D7_05_v3	826855	0.317568	0.391892	0.0136207
Pf3D7_05_v3	840339	0.396104	0.319277	0.014278
Pf3D7_05_v3	847222	0.175325	0.115616	0.0170819
Pf3D7_05_v3	847625	0.344156	0.408408	0.00796106
Pf3D7_05_v3	896891	0.357143	0.269592	0.0267851
Pf3D7_05_v3	908694	0.350649	0.24613	0.0346808
Pf3D7_05_v3	911820	0.203947	0.0822511	0.0713148
Pf3D7_05_v3	921360	0.636986	0.545603	0.0209071
Pf3D7_05_v3	922187	0.486667	0.397516	0.0194825
Pf3D7_05_v3	922423	0.201299	0.252427	0.00483513
Pf3D7_05_v3	929348	0.25	0.123656	0.0707118
Pf3D7_05_v3	929884	0.649351	0.575	0.0108921
Pf3D7_05_v3	931606	0.422078	0.186722	0.154706
Pf3D7_05_v3	935006	0.337662	0.107595	0.177453
Pf3D7_05_v3	936277	0.0454545	0.111987	0.0411795
Pf3D7_05_v3	953379	0.5	0.427711	0.0106322
Pf3D7_05_v3	958145	0.322368	0.119697	0.167828
Pf3D7_05_v3	966314	0.915584	0.796099	0.0752847
Pf3D7_05_v3	967820	0.309211	0.228916	0.0201846
Pf3D7_05_v3	968165	0.223684	0.128399	0.0435613
Pf3D7_05_v3	981740	0.282895	0.200301	0.0240552
Pf3D7_05_v3	1005389	0.188312	0.0673653	0.0950248
Pf3D7_05_v3	1007374	0.655844	0.582335	0.0126237
Pf3D7_05_v3	1007688	0	0.060423	0.0924169
Pf3D7_05_v3	1007814	0.328947	0.216216	0.0452901
Pf3D7_05_v3	1011000	0.233766	0.175758	0.0106435
Pf3D7_05_v3	1011550	0.168831	0.0714286	0.0636247
Pf3D7_05_v3	1011653	0.727273	0.667683	0.00757315
Pf3D7_05_v3	1042252	0.818182	0.878378	0.0166552
Pf3D7_05_v3	1042561	0.701299	0.785494	0.0234476
Pf3D7_05_v3	1042949	0.662338	0.760726	0.0294467
Pf3D7_05_v3	1060892	0.00704225	0.0659509	0.0732832
Pf3D7_05_v3	1064013	0.0810811	0.181682	0.0652229
Pf3D7_05_v3	1089116	0.266667	0.336858	0.0130319
Pf3D7_05_v3	1101291	0.136364	0.0736301	0.0243389
Pf3D7_05_v3	1101666	0.792208	0.720657	0.0105223
Pf3D7_05_v3	1113929	0.36	0.417187	0.00431104
Pf3D7_05_v3	1114126	0.230263	0.161631	0.0178041
Pf3D7_05_v3	1158071	0.613333	0.694277	0.0171784
Pf3D7_05_v3	1172665	0.363636	0.310241	0.00409876
Pf3D7_05_v3	1172818	0.175325	0.124251	0.0103228
Pf3D7_05_v3	1178624	0.272727	0.213213	0.00949403
Pf3D7_05_v3	1188491	0.480519	0.418269	0.00561032
Pf3D7_05_v3	1188659	0.506579	0.564873	0.00407665
Pf3D7_05_v3	1194206	0.220779	0.298462	0.018881
Pf3D7_05_v3	1194421	0.37013	0.315315	0.00478353
Pf3D7_05_v3	1196977	0.435065	0.365269	0.0104027
Pf3D7_05_v3	1196989	0.545455	0.462575	0.0163362
Pf3D7_05_v3	1204155	0.448052	0.369048	0.013013
Pf3D7_05_v3	1213673	0.588235	0.669697	0.0173575
Pf3D7_05_v3	1217053	0.766234	0.828846	0.0104074
Pf3D7_05_v3	1217183	0.11039	0.0354478	0.0511848
Pf3D7_05_v3	1217961	0.707792	0.625887	0.0156665
Pf3D7_05_v3	1218266	0	0.0584906	0.0769076
Pf3D7_05_v3	1239637	0.181818	0.238739	0.00962193
Pf3D7_05_v3	1245422	0.226027	0.170659	0.00998028
Pf3D7_05_v3	1251193	0.123377	0.0576923	0.0339469
Pf3D7_05_v3	1268210	0.0909091	0.0377644	0.0308375
Pf3D7_05_v3	1271257	0.493506	0.431034	0.00592449
Pf3D7_05_v3	1273649	0.147887	0.0962264	0.0117139
Pf3D7_05_v3	1274281	0.428571	0.330935	0.0228316
Pf3D7_05_v3	1303868	0.207792	0.137725	0.0216803
Pf3D7_05_v3	1309167	0.24026	0.337838	0.031175
Pf3D7_05_v3	1316671	0.276316	0.371257	0.0272196
Pf3D7_06_v3	93052	0.844156	0.941456	0.0685858
Pf3D7_06_v3	110225	0.467532	0.388889	0.0143614
Pf3D7_06_v3	114520	0.532468	0.482036	0.00258164
Pf3D7_06_v3	114533	0.533333	0.468563	0.0080124
Pf3D7_06_v3	114595	0.142857	0.21021	0.0195497
Pf3D7_06_v3	116243	0.285714	0.194611	0.0306459
Pf3D7_06_v3	116607	0.375	0.30988	0.00965861
Pf3D7_06_v3	119814	0.953947	0.889222	0.0407386
Pf3D7_06_v3	119856	0.0584416	0.130631	0.0422593
Pf3D7_06_v3	122873	0.269737	0.345808	0.0160217
Pf3D7_06_v3	135664	0.194805	0.126437	0.0179998
Pf3D7_06_v3	145483	0.694805	0.637195	0.00602862
Pf3D7_06_v3	182965	0.572368	0.497006	0.0124316
Pf3D7_06_v3	237194	0.289474	0.211356	0.0190344
Pf3D7_06_v3	240832	0.12987	0.0737705	0.016365
Pf3D7_06_v3	251219	0.441558	0.36858	0.0117148
Pf3D7_06_v3	251742	0.123377	0.0675676	0.0227649
Pf3D7_06_v3	261661	0.180328	0.244745	0.0159527
Pf3D7_06_v3	272719	0.311688	0.219008	0.0228104
Pf3D7_06_v3	312414	0.62987	0.570359	0.00601818
Pf3D7_06_v3	315733	0.792208	0.734234	0.00896549
Pf3D7_06_v3	316674	0.263158	0.329341	0.0110119
Pf3D7_06_v3	321567	0.11039	0.0598802	0.0199836
Pf3D7_06_v3	326863	0.0866667	0.15015	0.0255878
Pf3D7_06_v3	326866	0.08	0.136637	0.0212285
Pf3D7_06_v3	347054	0.155405	0.0958084	0.019933
Pf3D7_06_v3	377297	0.694805	0.763672	0.010108
Pf3D7_06_v3	409954	0.551948	0.501597	0.00219323
Pf3D7_06_v3	415319	0.223684	0.273885	0.00438722
Pf3D7_06_v3	416492	0.227273	0.166071	0.010932
Pf3D7_06_v3	419369	0.467532	0.415873	0.00231751
Pf3D7_06_v3	467898	0.130137	0.231231	0.0499418
Pf3D7_06_v3	542221	0.214286	0.280675	0.0126708
Pf3D7_06_v3	542351	0.311688	0.371914	0.00693691
Pf3D7_06_v3	569238	0.668831	0.802083	0.053263
Pf3D7_06_v3	573983	0.131579	0.0702614	0.0249242
Pf3D7_06_v3	577389	0.266234	0.349026	0.0188047
Pf3D7_06_v3	590606	0.38961	0.318318	0.01173
Pf3D7_06_v3	591985	0.204082	0.398577	0.148447
Pf3D7_06_v3	592139	0.274648	0.222222	0.00635716
Pf3D7_06_v3	619007	0.691781	0.751497	0.00840118
Pf3D7_06_v3	624289	0.792208	0.689189	0.0382863
Pf3D7_06_v3	627141	0.383562	0.464072	0.0163385
Pf3D7_06_v3	634139	0.263158	0.173358	0.02742
Pf3D7_06_v3	636206	0.322368	0.377432	0.00277527
Pf3D7_06_v3	647767	0.678082	0.773649	0.0290744
Pf3D7_06_v3	662585	0.0136986	0.0660661	0.0514016
Pf3D7_06_v3	664346	0.162338	0.106928	0.0150388
Pf3D7_06_v3	664740	0.428571	0.483129	0.00346317
Pf3D7_06_v3	664741	0.428571	0.481651	0.00296828
Pf3D7_06_v3	681463	0.365385	0.521212	0.0886378
Pf3D7_06_v3	682075	0.24026	0.179641	0.0118292
Pf3D7_06_v3	682542	0.425676	0.517296	0.0207428
Pf3D7_06_v3	683064	0.720588	0.771084	0.00520823
Pf3D7_06_v3	690352	0.241071	0.396657	0.0961555
Pf3D7_06_v3	797371	0.321918	0.388554	0.00996382
Pf3D7_06_v3	799699	0.402597	0.321752	0.0168669
Pf3D7_06_v3	823745	0.512987	0.615269	0.0284171
Pf3D7_06_v3	823915	0.409091	0.501497	0.0219087
Pf3D7_06_v3	823939	0.396104	0.48048	0.0176374
Pf3D7_06_v3	824043	0.415584	0.505988	0.0207583
Pf3D7_06_v3	825473	0.613333	0.431138	0.0976274
Pf3D7_06_v3	825888	0.376623	0.474474	0.0256421
Pf3D7_06_v3	826183	0.171233	0.245509	0.0219367
Pf3D7_06_v3	828899	0.344156	0.27994	0.00976848
Pf3D7_06_v3	833542	0.331169	0.430723	0.0276241
Pf3D7_06_v3	851736	0.116883	0.174772	0.0156406
Pf3D7_06_v3	851979	0.422078	0.359568	0.00700831
Pf3D7_06_v3	858307	0.289474	0.359281	0.0116955
Pf3D7_06_v3	866478	0.162338	0.105183	0.0167365
Pf3D7_06_v3	884526	0.464789	0.354839	0.0340241
Pf3D7_06_v3	900278	0.0974026	0.0194611	0.0799233
Pf3D7_06_v3	909069	0.233766	0.304805	0.0148874
Pf3D7_06_v3	947981	0.423611	0.543939	0.0412637
Pf3D7_06_v3	950878	0.103896	0.0344311	0.0528547
Pf3D7_06_v3	960329	0.136364	0.0579268	0.0488932
Pf3D7_06_v3	967350	0.166667	0.105085	0.0185278
Pf3D7_06_v3	970261	0.386667	0.302395	0.0196887
Pf3D7_06_v3	1009701	0.390909	0.304217	0.025045
Pf3D7_06_v3	1027653	0.292208	0.357784	0.00977273
Pf3D7_06_v3	1033118	0.861842	0.80988	0.0101025
Pf3D7_06_v3	1040344	0.805195	0.732704	0.0166651
Pf3D7_06_v3	1052578	0.028169	0.137725	0.119157
Pf3D7_06_v3	1056479	0.270833	0.203077	0.0144456
Pf3D7_06_v3	1065236	0.155844	0.0743034	0.0439075
Pf3D7_06_v3	1067838	0.168831	0.0885886	0.0388385
Pf3D7_06_v3	1075670	0.155844	0.104615	0.0116896
Pf3D7_06_v3	1102052	0.175325	0.109281	0.0221554
Pf3D7_06_v3	1110574	0.901316	0.851266	0.0120989
Pf3D7_06_v3	1110905	0.162338	0.227692	0.0156214
Pf3D7_06_v3	1110981	0.188312	0.134441	0.0107302
Pf3D7_06_v3	1111541	0.335526	0.27027	0.0100369
Pf3D7_06_v3	1111582	0.184211	0.296407	0.0490448
Pf3D7_06_v3	1114564	0.175325	0.101246	0.0295441
Pf3D7_06_v3	1114587	0.220779	0.141975	0.0264511
Pf3D7_06_v3	1114625	0.220779	0.152905	0.0175719
Pf3D7_06_v3	1114928	0.168831	0.115512	0.0113202
Pf3D7_06_v3	1114951	0.168831	0.111475	0.0145111
Pf3D7_06_v3	1115439	0.214286	0.32971	0.0415877
Pf3D7_06_v3	1115453	0.201299	0.121053	0.0283187
Pf3D7_06_v3	1116101	0.190789	0.132616	0.0114492
Pf3D7_06_v3	1116117	0.376623	0.276978	0.0260711
Pf3D7_06_v3	1116574	0.311688	0.240678	0.0127576
Pf3D7_06_v3	1117447	0.433333	0.378049	0.00402012
Pf3D7_06_v3	1151994	0.253247	0.183051	0.0151209
Pf3D7_06_v3	1160101	0.285714	0.201807	0.0241894
Pf3D7_06_v3	1160472	0.292208	0.196049	0.0331802
Pf3D7_06_v3	1160911	0.376623	0.217523	0.0868189
Pf3D7_06_v3	1193139	0.363636	0.267267	0.028192
Pf3D7_06_v3	1224777	0.772727	0.700627	0.0147426
Pf3D7_06_v3	1235507	0.597403	0.536184	0.00533703
Pf3D7_06_v3	1237460	0.0328947	0.0883234	0.0379623
Pf3D7_06_v3	1268325	0.422078	0.342105	0.0141486
Pf3D7_06_v3	1268688	0.337662	0.414754	0.0132307
Pf3D7_06_v3	1268778	0.324324	0.271028	0.00453751
Pf3D7_06_v3	1268898	0.493506	0.361702	0.0498118
Pf3D7_06_v3	1268919	0.519481	0.376133	0.0592966
Pf3D7_06_v3	1268973	0.188312	0.12614	0.0172449
Pf3D7_06_v3	1273022	0.694805	0.63024	0.0093623
Pf3D7_06_v3	1280801	0.324675	0.25976	0.0103612
Pf3D7_06_v3	1282493	0.74026	0.673193	0.0115102
Pf3D7_06_v3	1282748	0.636364	0.561377	0.0127033
Pf3D7_06_v3	1283024	0.753247	0.688623	0.0106978
Pf3D7_06_v3	1283063	0.753247	0.693694	0.00839117
Pf3D7_06_v3	1285161	0.376623	0.427273	0.00234243
Pf3D7_06_v3	1288904	0.210526	0.31003	0.0354538
Pf3D7_06_v3	1289212	0.390411	0.472561	0.0161325
Pf3D7_06_v3	1289931	0.24026	0.322289	0.020572
Pf3D7_06_v3	1290444	0.237705	0.370871	0.0685006
Pf3D7_06_v3	1290486	0.151515	0.26506	0.0604771
Pf3D7_06_v3	1292764	0.276316	0.347305	0.0134282
Pf3D7_07_v3	79935	0.506667	0.441935	0.00714032
Pf3D7_07_v3	80034	0.133333	0.0784314	0.0185207
Pf3D7_07_v3	80092	0.14	0.0678808	0.036383
Pf3D7_07_v3	80166	0.126667	0.0704467	0.0205594
Pf3D7_07_v3	80188	0.68	0.582143	0.0237843
Pf3D7_07_v3	80271	0.16	0.0915493	0.0251855
Pf3D7_07_v3	80318	0.14	0.0615672	0.0416345
Pf3D7_07_v3	80320	0.14	0.0622642	0.0403593
Pf3D7_07_v3	85290	0.197368	0.25753	0.0108109
Pf3D7_07_v3	126688	0.246667	0.19391	0.00637154
Pf3D7_07_v3	129466	0.142857	0.0659509	0.0428082
Pf3D7_07_v3	150143	0.480519	0.418919	0.00624735
Pf3D7_07_v3	157969	0.479167	0.540663	0.0062658
Pf3D7_07_v3	159875	0.590909	0.703927	0.0382127
Pf3D7_07_v3	160093	0.313333	0.393939	0.0172079
Pf3D7_07_v3	160097	0.313333	0.391239	0.0157869
Pf3D7_07_v3	160439	0.577922	0.630631	0.00350621
Pf3D7_07_v3	160759	0.331169	0.255255	0.0161498
Pf3D7_07_v3	169264	0.190789	0.122356	0.0220779
Pf3D7_07_v3	180489	0.0974026	0.0359281	0.0420409
Pf3D7_07_v3	182446	0.0909091	0.0406627	0.0263905
Pf3D7_07_v3	187493	0.116883	0.058104	0.0277609
Pf3D7_07_v3	224765	0.688312	0.624016	0.00603343
Pf3D7_07_v3	227275	0.506494	0.58006	0.0115772
Pf3D7_07_v3	227285	0.506494	0.575529	0.00947933
Pf3D7_07_v3	228145	0.318182	0.248503	0.013612
Pf3D7_07_v3	236506	0.00649351	0.0613772	0.0657155
Pf3D7_07_v3	253616	0.136364	0.219298	0.0276041
Pf3D7_07_v3	257052	0.716216	0.795796	0.0217916
Pf3D7_07_v3	257093	0.405405	0.490991	0.0184388
Pf3D7_07_v3	258737	0.933824	0.861862	0.0413257
Pf3D7_07_v3	259164	0.025974	0.0763473	0.0354882
Pf3D7_07_v3	284336	0.0733333	0.0194611	0.0464408
Pf3D7_07_v3	298651	0.130137	0.0590717	0.0323723
Pf3D7_07_v3	298916	0.131579	0.064	0.0280857
Pf3D7_07_v3	299971	0.138158	0.0836502	0.0140252
Pf3D7_07_v3	312944	0.0779221	0.0225225	0.0448275
Pf3D7_07_v3	331867	0.144928	0.0807927	0.0276949
Pf3D7_07_v3	333053	0.272059	0.341317	0.0129802
Pf3D7_07_v3	349267	0.350649	0.405405	0.0043421
Pf3D7_07_v3	370875	0.441558	0.339879	0.0284575
Pf3D7_07_v3	374834	0.157895	0.218563	0.0136393
Pf3D7_07_v3	375339	0.489583	0.592233	0.0349037
Pf3D7_07_v3	375770	0.217105	0.161677	0.0105291
Pf3D7_07_v3	375818	0.878378	0.806886	0.0255247
Pf3D7_07_v3	385921	0.571429	0.467128	0.0255307
Pf3D7_07_v3	392078	0.861842	0.80988	0.00963086
Pf3D7_07_v3	403625	0.644737	0.46997	0.0898656
Pf3D7_07_v3	404407	0.663636	0.469072	0.123038
Pf3D7_07_v3	404836	0.673913	0.496988	0.0985436
Pf3D7_07_v3	405600	0.25	0.401198	0.0803402
Pf3D7_07_v3	415529	0.61039	0.660777	0.00181591
Pf3D7_07_v3	416615	0.266234	0.321875	0.00513018
Pf3D7_07_v3	417474	0.896104	0.80033	0.0469254
Pf3D7_07_v3	417661	0.12987	0.181518	0.00935987
Pf3D7_07_v3	417700	0.883117	0.775748	0.0545367
Pf3D7_07_v3	418720	0.164474	0.263699	0.0374544
Pf3D7_07_v3	418726	0.164474	0.268966	0.0414897
Pf3D7_07_v3	419310	0.830986	0.733333	0.0358494
Pf3D7_07_v3	419410	0.786667	0.714041	0.0149017
Pf3D7_07_v3	419413	0.786667	0.713793	0.014931
Pf3D7_07_v3	421420	0.525974	0.429217	0.0241107
Pf3D7_07_v3	426524	0.427632	0.486641	0.003579
Pf3D7_07_v3	426753	0.441558	0.380859	0.00395501
Pf3D7_07_v3	430364	0.422078	0.347315	0.0114762
Pf3D7_07_v3	435368	0.5	0.440439	0.0054131
Pf3D7_07_v3	435497	0.551948	0.399381	0.0655438
Pf3D7_07_v3	445215	0.61039	0.498403	0.0328399
Pf3D7_07_v3	445690	0.587838	0.416981	0.0749024
Pf3D7_07_v3	449692	0.587838	0.449387	0.0550748
Pf3D7_07_v3	449790	0.479167	0.349693	0.0499971
Pf3D7_07_v3	450016	0.533784	0.457831	0.0128853
Pf3D7_07_v3	450032	0.597222	0.509036	0.0201546
Pf3D7_07_v3	450711	0.318182	0.133127	0.137139
Pf3D7_07_v3	450854	0.668831	0.592308	0.0139885
Pf3D7_07_v3	451975	0.694805	0.58982	0.0323608
Pf3D7_07_v3	452331	0.598684	0.516467	0.0164129
Pf3D7_07_v3	452339	0.565789	0.507485	0.00514161
Pf3D7_07_v3	452346	0.572368	0.509009	0.00711272
Pf3D7_07_v3	452348	0.565789	0.509009	0.00454326
Pf3D7_07_v3	452395	0.512987	0.312874	0.118956
Pf3D7_07_v3	454103	0.184211	0.249249	0.0144031
Pf3D7_07_v3	456232	0.623288	0.479042	0.0620991
Pf3D7_07_v3	457219	0.573333	0.658683	0.0191518
Pf3D7_07_v3	457269	0.520548	0.621257	0.0280499
Pf3D7_07_v3	457641	0.467105	0.555389	0.0192403
Pf3D7_07_v3	460125	0.136364	0.254491	0.0639852
Pf3D7_07_v3	461191	0.714286	0.624251	0.0236155
Pf3D7_07_v3	461364	0.142857	0.253754	0.0551742
Pf3D7_07_v3	463930	0.337662	0.537425	0.116737
Pf3D7_07_v3	464317	0.337662	0.412651	0.0135542
Pf3D7_07_v3	465426	0.56	0.468085	0.0212339
Pf3D7_07_v3	465579	0.782895	0.724522	0.00812463
Pf3D7_07_v3	465648	0.779412	0.723154	0.00663725
Pf3D7_07_v3	466067	0.243243	0.300781	0.00472272
Pf3D7_07_v3	466109	0.445946	0.392996	0.0015912
Pf3D7_07_v3	466215	0.144737	0.256554	0.0479311
Pf3D7_07_v3	466236	0.164474	0.238722	0.017785
Pf3D7_07_v3	471807	0.116883	0.0172414	0.104567
Pf3D7_07_v3	473203	0.769737	0.841049	0.0196822
Pf3D7_07_v3	474754	0.694805	0.793413	0.0344669
Pf3D7_07_v3	474831	0.125	0.227545	0.0517708
Pf3D7_07_v3	475324	0.318182	0.181138	0.0725697
Pf3D7_07_v3	475469	0.564935	0.504491	0.0059941
Pf3D7_07_v3	477031	0.0342466	0.0960961	0.0459685
Pf3D7_07_v3	477049	0.304348	0.364048	0.00678205
Pf3D7_07_v3	481716	0.863636	0.791916	0.0231149
Pf3D7_07_v3	484975	0.103896	0.15861	0.0150511
Pf3D7_07_v3	485646	0.422078	0.358006	0.0076328
Pf3D7_07_v3	487614	0.116883	0.0242718	0.0899631
Pf3D7_07_v3	488471	0.305195	0.401294	0.0248003
Pf3D7_07_v3	492725	0.194805	0.143713	0.0089166
Pf3D7_07_v3	495789	0.808219	0.88253	0.0282327
Pf3D7_07_v3	495855	0.451389	0.552711	0.0279125
Pf3D7_07_v3	495859	0.383562	0.318318	0.00886152
Pf3D7_07_v3	496294	0.387324	0.453453	0.00882104
Pf3D7_07_v3	496312	0.378571	0.448949	0.0110731
Pf3D7_07_v3	497403	0.130137	0.0742424	0.0219418
Pf3D7_07_v3	501530	0.707792	0.600299	0.0350265
Pf3D7_07_v3	502170	0.038961	0.102102	0.0425413
Pf3D7_07_v3	502208	0.0324675	0.106287	0.0605236
Pf3D7_07_v3	505718	0.276316	0.213415	0.0112339
Pf3D7_07_v3	505753	0.305195	0.25076	0.00592552
Pf3D7_07_v3	505769	0.305195	0.254545	0.00430814
Pf3D7_07_v3	505802	0.422078	0.493902	0.0101647
Pf3D7_07_v3	505865	0.766234	0.845092	0.0250508
Pf3D7_07_v3	507068	0.0909091	0.142857	0.0138271
Pf3D7_07_v3	507128	0.233766	0.348726	0.0428229
Pf3D7_07_v3	507272	0.233766	0.347352	0.0423595
Pf3D7_07_v3	507284	0.194805	0.292453	0.0340505
Pf3D7_07_v3	605893	0.140845	0.0841924	0.0185862
Pf3D7_07_v3	606392	0.235294	0.311037	0.0163351
Pf3D7_07_v3	606433	0.319444	0.25	0.0116763
Pf3D7_07_v3	607238	0.0352113	0.131229	0.0865932
Pf3D7_07_v3	607246	0	0.0531561	0.0778393
Pf3D7_07_v3	607249	0	0.0531561	0.0778393
Pf3D7_07_v3	607251	0	0.0531561	0.0778393
Pf3D7_07_v3	607563	0.201389	0.275685	0.0166643
Pf3D7_07_v3	607567	0.201389	0.27911	0.0187364
Pf3D7_07_v3	607575	0.00704225	0.0721649	0.0767948
Pf3D7_07_v3	607576	0.028169	0.112069	0.0741644
Pf3D7_07_v3	607586	0.00704225	0.0719178	0.0765961
Pf3D7_07_v3	607595	0.00704225	0.0719178	0.0765961
Pf3D7_07_v3	607672	0.109589	0.169492	0.0163909
Pf3D7_07_v3	612906	0.809211	0.870871	0.0164662
Pf3D7_07_v3	613197	0.0945946	0.0362538	0.0384801
Pf3D7_07_v3	613581	0.37013	0.433333	0.00721483
Pf3D7_07_v3	614408	0.642857	0.806748	0.100889
Pf3D7_07_v3	614420	0.283784	0.150307	0.0758106
Pf3D7_07_v3	614531	0.853333	0.910061	0.0183167
Pf3D7_07_v3	614770	0.0714286	0.125	0.0202735
Pf3D7_07_v3	614894	0.123377	0.0681818	0.021753
Pf3D7_07_v3	614929	0.123377	0.0685976	0.0211028
Pf3D7_07_v3	615728	0.12987	0.0629032	0.0326968
Pf3D7_07_v3	615869	0.302632	0.198556	0.0349488
Pf3D7_07_v3	616459	0.525974	0.459248	0.0077118
Pf3D7_07_v3	616570	0.142857	0.0694006	0.0375944
Pf3D7_07_v3	616856	0.454545	0.369906	0.0169989
Pf3D7_07_v3	616872	0.461039	0.361635	0.0257059
Pf3D7_07_v3	616874	0.506494	0.402208	0.0280896
Pf3D7_07_v3	618961	0.220779	0.314417	0.0293739
Pf3D7_07_v3	619279	0.37013	0.289474	0.017165
Pf3D7_07_v3	619398	0.638158	0.723101	0.0196125
Pf3D7_07_v3	619738	0.116883	0.217391	0.0503869
Pf3D7_07_v3	619957	0.246667	0.326087	0.0185209
Pf3D7_07_v3	627085	0.0821918	0.133634	0.016938
Pf3D7_07_v3	627952	0.506494	0.414671	0.0215154
Pf3D7_07_v3	627970	0.506494	0.416168	0.0205428
Pf3D7_07_v3	628392	0.460526	0.374251	0.0184639
Pf3D7_07_v3	629386	0.295082	0.372581	0.016046
Pf3D7_07_v3	629464	0.174419	0.40035	0.218567
Pf3D7_07_v3	629467	0.182927	0.398601	0.205933
Pf3D7_07_v3	631007	0.0909091	0.0174603	0.072703
Pf3D7_07_v3	631321	0.592857	0.652597	0.00564019
Pf3D7_07_v3	631726	0.723684	0.809211	0.0250408
Pf3D7_07_v3	631730	0.723684	0.810855	0.0263028
Pf3D7_07_v3	631810	0.276316	0.198305	0.0186342
Pf3D7_07_v3	631997	0.025974	0.095	0.0563151
Pf3D7_07_v3	634276	0.406667	0.575529	0.0831784
Pf3D7_07_v3	635254	0.433333	0.506006	0.0108748
Pf3D7_07_v3	635335	0.472973	0.524169	0.00212079
Pf3D7_07_v3	635759	0.322368	0.435629	0.0379752
Pf3D7_07_v3	635776	0.315789	0.434132	0.0420775
Pf3D7_07_v3	635985	0.691176	0.542042	0.0725512
Pf3D7_07_v3	637084	0.0844156	0.0179641	0.0651641
Pf3D7_07_v3	637190	0.348684	0.468468	0.0415621
Pf3D7_07_v3	637291	0.0844156	0.0179641	0.0651641
Pf3D7_07_v3	667992	0.108108	0.0555556	0.0234243
Pf3D7_07_v3	678111	0.266234	0.326923	0.00574524
Pf3D7_07_v3	686376	0.142857	0.0808383	0.0246291
Pf3D7_07_v3	700840	0.842857	0.903904	0.0214035
Pf3D7_07_v3	704373	0.506494	0.442997	0.00585015
Pf3D7_07_v3	706074	0.459459	0.545455	0.0170883
Pf3D7_07_v3	706086	0.425676	0.506494	0.0145139
Pf3D7_07_v3	706087	0.425676	0.504886	0.0136663
Pf3D7_07_v3	712909	0.5	0.583832	0.0169895
Pf3D7_07_v3	717434	0.603896	0.539039	0.00792855
Pf3D7_07_v3	717932	0.0633803	0.153153	0.0624109
Pf3D7_07_v3	717936	0.152174	0.262763	0.0560865
Pf3D7_07_v3	725998	0.144737	0.0868263	0.02037
Pf3D7_07_v3	730268	0.74026	0.833861	0.0344521
Pf3D7_07_v3	736648	0.194805	0.249249	0.0080381
Pf3D7_07_v3	739406	0.145455	0.196923	0.0101867
Pf3D7_07_v3	744613	0.138889	0.224609	0.0285175
Pf3D7_07_v3	749859	0.0571429	0.125	0.0402486
Pf3D7_07_v3	761656	0.181818	0.124251	0.0145151
Pf3D7_07_v3	849856	0.181818	0.252252	0.0172073
Pf3D7_07_v3	851697	0.409091	0.29717	0.0361737
Pf3D7_07_v3	866181	0.876623	0.950342	0.0438553
Pf3D7_07_v3	883457	0.5	0.434251	0.0076258
Pf3D7_07_v3	883937	0.136364	0.0825243	0.0167569
Pf3D7_07_v3	884384	0.616883	0.548013	0.00861565
Pf3D7_07_v3	884733	0.025974	0.0847176	0.0433962
Pf3D7_07_v3	894384	0.714286	0.625839	0.0201881
Pf3D7_07_v3	898242	0.676923	0.799694	0.0605233
Pf3D7_07_v3	900965	0.409836	0.477273	0.00961551
Pf3D7_07_v3	908940	0.233766	0.181973	0.00581805
Pf3D7_07_v3	990172	0.727273	0.783742	0.00755383
Pf3D7_07_v3	1006481	0.0131579	0.0643713	0.0503072
Pf3D7_07_v3	1011137	0.383117	0.321856	0.0069225
Pf3D7_07_v3	1019630	0.025974	0.0795796	0.0401514
Pf3D7_07_v3	1044052	0.474026	0.396923	0.0136159
Pf3D7_07_v3	1056854	0.175325	0.093361	0.0314701
Pf3D7_07_v3	1059855	0.136364	0.217314	0.0264389
Pf3D7_07_v3	1109226	0.527397	0.673653	0.0659746
Pf3D7_07_v3	1115805	0.641892	0.57485	0.00921273
Pf3D7_07_v3	1148859	0.62987	0.507764	0.0410847
Pf3D7_07_v3	1149112	0.880282	0.931677	0.0190396
Pf3D7_07_v3	1158209	0.727273	0.812121	0.0265275
Pf3D7_07_v3	1158217	0.753247	0.822727	0.01736
Pf3D7_07_v3	1158225	0.746667	0.819697	0.019682
Pf3D7_07_v3	1160239	0.512987	0.429003	0.0168481
Pf3D7_07_v3	1170354	0.507353	0.594225	0.0191803
Pf3D7_07_v3	1170527	0.015873	0.118506	0.127878
Pf3D7_07_v3	1170560	0.0245902	0.114516	0.0980096
Pf3D7_07_v3	1170562	0.0245902	0.114887	0.0983655
Pf3D7_07_v3	1171889	0.0194805	0.0825826	0.0580276
Pf3D7_07_v3	1171997	0.363636	0.303303	0.00744513
Pf3D7_07_v3	1187686	0.025974	0.0883234	0.0508158
Pf3D7_07_v3	1202320	0.171053	0.104015	0.0210382
Pf3D7_07_v3	1233830	0.474026	0.532934	0.00538186
Pf3D7_07_v3	1234265	0.681818	0.622754	0.0065363
Pf3D7_07_v3	1238795	0.227273	0.152695	0.0230235
Pf3D7_07_v3	1256301	0.114286	0.0632911	0.0196767
Pf3D7_07_v3	1259341	0.555556	0.651235	0.0298876
Pf3D7_07_v3	1285356	0.414474	0.33033	0.0187326
Pf3D7_07_v3	1339043	0.168919	0.0677711	0.0723294
Pf3D7_07_v3	1362917	0.401408	0.478125	0.0134615
Pf3D7_07_v3	1362925	0.5	0.576562	0.0129515
Pf3D7_07_v3	1380385	0.695652	0.638973	0.00598768
Pf3D7_08_v3	104543	0.844595	0.758982	0.0317315
Pf3D7_08_v3	115528	0.272727	0.203922	0.0111144
Pf3D7_08_v3	157014	0.162338	0.230539	0.0174278
Pf3D7_08_v3	230137	0.453947	0.382263	0.010776
Pf3D7_08_v3	252698	0.0945946	0.0343511	0.0362592
Pf3D7_08_v3	258719	0.116883	0.171875	0.0129434
Pf3D7_08_v3	331313	0.779412	0.72741	0.00564196
Pf3D7_08_v3	331378	0.785714	0.731928	0.00687542
Pf3D7_08_v3	331833	0.383117	0.438438	0.00394044
Pf3D7_08_v3	336479	0.194805	0.277027	0.0217137
Pf3D7_08_v3	336551	0.512987	0.575085	0.00494174
Pf3D7_08_v3	369734	0.151316	0.218563	0.0183116
Pf3D7_08_v3	395861	0.0666667	0.0164671	0.0447903
Pf3D7_08_v3	398541	0.152778	0.234848	0.0292074
Pf3D7_08_v3	399774	0.155844	0.224551	0.018327
Pf3D7_08_v3	406993	0.181818	0.129518	0.0106552
Pf3D7_08_v3	412981	0.461039	0.587329	0.0406118
Pf3D7_08_v3	413022	0.831169	0.69898	0.0644849
Pf3D7_08_v3	413067	0.564935	0.397887	0.0728271
Pf3D7_08_v3	414093	0.246753	0.19403	0.00501357
Pf3D7_08_v3	422166	0.590909	0.681138	0.0220848
Pf3D7_08_v3	424167	0.694805	0.755988	0.00913256
Pf3D7_08_v3	468454	0.177632	0.307229	0.0659998
Pf3D7_08_v3	468690	0.233766	0.176647	0.00996795
Pf3D7_08_v3	469434	0.214286	0.148649	0.0177033
Pf3D7_08_v3	469490	0.223684	0.152695	0.0208105
Pf3D7_08_v3	469505	0.243421	0.152695	0.0358138
Pf3D7_08_v3	471213	0.409091	0.521021	0.0339956
Pf3D7_08_v3	471263	0.383117	0.508982	0.0447646
Pf3D7_08_v3	471333	0.545455	0.438438	0.0307971
Pf3D7_08_v3	471366	0.574324	0.476048	0.0259152
Pf3D7_08_v3	475171	0.209677	0.145455	0.0185878
Pf3D7_08_v3	475630	0.188312	0.118462	0.0232094
Pf3D7_08_v3	476310	0.493506	0.43949	0.00283561
Pf3D7_08_v3	477454	0.263158	0.175862	0.0268573
Pf3D7_08_v3	477534	0.203947	0.13986	0.0153587
Pf3D7_08_v3	477552	0.25	0.169145	0.0221039
Pf3D7_08_v3	486709	0.246667	0.193694	0.00704087
Pf3D7_08_v3	490413	0.542857	0.608108	0.00854441
Pf3D7_08_v3	490424	0.542254	0.60961	0.00937003
Pf3D7_08_v3	499624	0.195652	0.0948795	0.0618708
Pf3D7_08_v3	526923	0.513333	0.459215	0.00354291
Pf3D7_08_v3	533947	0.184211	0.0900901	0.0536657
Pf3D7_08_v3	536601	0.176923	0.0930931	0.0458051
Pf3D7_08_v3	544529	0.206667	0.397898	0.125818
Pf3D7_08_v3	546841	0.41	0.58	0.106512
Pf3D7_08_v3	548801	0.309211	0.531627	0.144838
Pf3D7_08_v3	549685	0.662338	0.387346	0.204317
Pf3D7_08_v3	561624	0.783582	0.716216	0.0143541
Pf3D7_08_v3	570903	0.0584416	0.116766	0.0284902
Pf3D7_08_v3	572299	0.376623	0.548048	0.0854133
Pf3D7_08_v3	576123	0.0855263	0.0105105	0.0887324
Pf3D7_08_v3	580045	0.928571	0.841463	0.0527722
Pf3D7_08_v3	585466	0.181818	0.244589	0.00841821
Pf3D7_08_v3	591335	0.201299	0.148649	0.00956442
Pf3D7_08_v3	591344	0.214286	0.15015	0.0162914
Pf3D7_08_v3	615922	0.773438	0.841945	0.0200442
Pf3D7_08_v3	666328	0.264286	0.166168	0.0411527
Pf3D7_08_v3	670674	0.0194805	0.0765766	0.0503293
Pf3D7_08_v3	672242	0.123377	0.203642	0.0291689
Pf3D7_08_v3	693450	0.0714286	0.127246	0.0219501
Pf3D7_08_v3	693543	0.0649351	0.122754	0.0256502
Pf3D7_08_v3	701542	0.114583	0.336918	0.22599
Pf3D7_08_v3	701557	0.114583	0.333333	0.22217
Pf3D7_08_v3	701614	0.24	0.418333	0.124684
Pf3D7_08_v3	706187	0.188312	0.1231	0.0195838
Pf3D7_08_v3	706357	0.733766	0.809231	0.0194105
Pf3D7_08_v3	706426	0.75974	0.828788	0.017199
Pf3D7_08_v3	706472	0.772727	0.830793	0.0108488
Pf3D7_08_v3	706941	0.184615	0.133441	0.00939621
Pf3D7_08_v3	712180	0.0714286	0.0169492	0.0457891
Pf3D7_08_v3	712741	0.414286	0.547319	0.0511087
Pf3D7_08_v3	712742	0.414286	0.547319	0.0511087
Pf3D7_08_v3	740134	0.415584	0.285928	0.0521757
Pf3D7_08_v3	752747	0.876623	0.812874	0.0192115
Pf3D7_08_v3	771719	0.557143	0.61128	0.00340837
Pf3D7_08_v3	810631	0.136986	0.220199	0.0298936
Pf3D7_08_v3	834628	0.597403	0.540541	0.00450137
Pf3D7_08_v3	845305	0.233333	0.164671	0.0178819
Pf3D7_08_v3	845323	0.736486	0.677177	0.00757557
Pf3D7_08_v3	845420	0.76087	0.832335	0.0206266
Pf3D7_08_v3	845861	0.216216	0.151198	0.0165123
Pf3D7_08_v3	919126	0.268657	0.351351	0.0210254
Pf3D7_08_v3	919594	0.207792	0.306886	0.0349699
Pf3D7_08_v3	919641	0.136364	0.0673653	0.0353065
Pf3D7_08_v3	920130	0.131944	0.244012	0.0613003
Pf3D7_08_v3	920148	0.161972	0.269461	0.0504978
Pf3D7_08_v3	933060	0.538961	0.600639	0.00584496
Pf3D7_08_v3	934747	0.0714286	0.0190678	0.0340359
Pf3D7_08_v3	942040	0.512987	0.462575	0.00208397
Pf3D7_08_v3	943546	0.177632	0.261261	0.0266123
Pf3D7_08_v3	968338	0.220779	0.152695	0.0185565
Pf3D7_08_v3	1001356	0.116883	0.0643713	0.0204242
Pf3D7_08_v3	1005851	0.168919	0.0951662	0.0320128
Pf3D7_08_v3	1061401	0.779221	0.715361	0.0112459
Pf3D7_08_v3	1062754	0.677632	0.747006	0.0128642
Pf3D7_08_v3	1063903	0.282895	0.350299	0.0110655
Pf3D7_08_v3	1102761	0.824675	0.74924	0.0209864
Pf3D7_08_v3	1102767	0.824675	0.746201	0.0230303
Pf3D7_08_v3	1102781	0.798701	0.721037	0.0203391
Pf3D7_08_v3	1107140	0.162338	0.217066	0.00943874
Pf3D7_08_v3	1112135	0.363636	0.290419	0.0134673
Pf3D7_08_v3	1114155	0.272727	0.170807	0.0409532
Pf3D7_08_v3	1116244	0.37013	0.435241	0.0082401
Pf3D7_08_v3	1117118	0.038961	0.110778	0.052845
Pf3D7_08_v3	1117245	0.116883	0.258258	0.0943594
Pf3D7_08_v3	1144210	0.0194805	0.0748503	0.0482881
Pf3D7_08_v3	1144251	0.0584416	0.139222	0.0522099
Pf3D7_08_v3	1152534	0.253247	0.200627	0.00644619
Pf3D7_08_v3	1152940	0.00649351	0.0587302	0.0588696
Pf3D7_08_v3	1165651	0.305195	0.390719	0.0200293
Pf3D7_08_v3	1167885	0.766234	0.624625	0.0680181
Pf3D7_08_v3	1167918	0.707792	0.585843	0.0455438
Pf3D7_08_v3	1168116	0.363636	0.272866	0.0239058
Pf3D7_08_v3	1168179	0.37013	0.291541	0.0160778
Pf3D7_08_v3	1169948	0.207792	0.136824	0.0198772
Pf3D7_08_v3	1176413	0.480263	0.534431	0.00348818
Pf3D7_08_v3	1176457	0.422078	0.339339	0.0172075
Pf3D7_08_v3	1191882	0.344156	0.254902	0.0200865
Pf3D7_08_v3	1196266	0.571429	0.513554	0.00502251
Pf3D7_08_v3	1208302	0.376812	0.446154	0.00753868
Pf3D7_08_v3	1214394	0.230263	0.159639	0.0198649
Pf3D7_08_v3	1233661	0.0657895	0.0149701	0.0470345
Pf3D7_08_v3	1238728	0.201299	0.285928	0.0254457
Pf3D7_08_v3	1269573	0.188312	0.122754	0.0203038
Pf3D7_08_v3	1278610	0.155844	0.102473	0.0117159
Pf3D7_08_v3	1290466	0.564935	0.490975	0.00934774
Pf3D7_08_v3	1290496	0.5	0.424028	0.0104597
Pf3D7_08_v3	1310722	0.246753	0.1875	0.00738735
Pf3D7_08_v3	1310759	0.402597	0.328512	0.00923817
Pf3D7_08_v3	1310760	0.642857	0.495816	0.0509232
Pf3D7_08_v3	1315338	0.558442	0.503401	0.00265754
Pf3D7_08_v3	1315695	0.551948	0.482704	0.00893333
Pf3D7_08_v3	1316718	0.692857	0.774775	0.0225026
Pf3D7_08_v3	1316883	0.0197368	0.0793413	0.0535549
Pf3D7_08_v3	1317620	0.06	0.122754	0.0327704
Pf3D7_08_v3	1318079	0.189189	0.136228	0.0108493
Pf3D7_08_v3	1318108	0.201389	0.146707	0.0112374
Pf3D7_08_v3	1325177	0.472222	0.597222	0.0410311
Pf3D7_08_v3	1325187	0.22973	0.341924	0.0396593
Pf3D7_08_v3	1344521	0.636364	0.724771	0.0225609
Pf3D7_08_v3	1344546	0.363636	0.464724	0.027177
Pf3D7_08_v3	1358953	0.337662	0.243548	0.0268576
Pf3D7_08_v3	1363159	0.512987	0.658009	0.0499112
Pf3D7_08_v3	1363220	0.448052	0.565957	0.0306137
Pf3D7_08_v3	1363222	0.448052	0.559322	0.0267302
Pf3D7_08_v3	1363235	0.431507	0.561404	0.0385105
Pf3D7_08_v3	1363258	0.0519481	0.129464	0.0421257
Pf3D7_08_v3	1363262	0.0519481	0.125561	0.0383445
Pf3D7_08_v3	1363287	0.0324675	0.109589	0.0522239
Pf3D7_08_v3	1363293	0.0324675	0.111364	0.0542642
Pf3D7_08_v3	1363303	0.519481	0.418651	0.0215548
Pf3D7_08_v3	1363313	0.025974	0.105263	0.0609382
Pf3D7_08_v3	1363314	0.025974	0.105727	0.0613294
Pf3D7_08_v3	1363319	0.025974	0.108407	0.0642673
Pf3D7_08_v3	1363324	0.025974	0.106195	0.0617239
Pf3D7_08_v3	1363341	0.512987	0.433735	0.0109281
Pf3D7_08_v3	1363357	0.0324675	0.105263	0.048666
Pf3D7_08_v3	1363365	0.0324675	0.0995671	0.0429205
Pf3D7_08_v3	1363564	0.472973	0.405797	0.00677604
Pf3D7_09_v3	87894	0.0909091	0.039039	0.0294592
Pf3D7_09_v3	90040	0.448052	0.393713	0.00387245
Pf3D7_09_v3	99264	0.214286	0.107784	0.0601168
Pf3D7_09_v3	114323	0.388158	0.326807	0.00692681
Pf3D7_09_v3	127687	0.590909	0.659159	0.0105025
Pf3D7_09_v3	149416	0.12	0.183594	0.015388
Pf3D7_09_v3	157982	0.585526	0.523166	0.00456943
Pf3D7_09_v3	183441	0.168831	0.117117	0.011695
Pf3D7_09_v3	202903	0.324675	0.485	0.0724159
Pf3D7_09_v3	207451	0.836538	0.911576	0.0414518
Pf3D7_09_v3	224076	0.012987	0.0694864	0.0570014
Pf3D7_09_v3	231065	0.545455	0.6	0.00291613
Pf3D7_09_v3	265317	0.253247	0.322086	0.0121111
Pf3D7_09_v3	271033	0.214286	0.153595	0.0128303
Pf3D7_09_v3	281682	0.136364	0.0856269	0.0145054
Pf3D7_09_v3	283356	0.647887	0.756757	0.0407949
Pf3D7_09_v3	283868	0.27027	0.203593	0.0137248
Pf3D7_09_v3	284836	0.686567	0.743243	0.00690721
Pf3D7_09_v3	284845	0.669231	0.725904	0.00666642
Pf3D7_09_v3	286075	0.546667	0.659639	0.0371206
Pf3D7_09_v3	289180	0.125	0.0615616	0.0320395
Pf3D7_09_v3	302477	0.934211	0.875749	0.026213
Pf3D7_09_v3	318789	0.0584416	0.109281	0.0210537
Pf3D7_09_v3	318911	0.168831	0.0885886	0.0396598
Pf3D7_09_v3	334350	0.697368	0.797904	0.0369071
Pf3D7_09_v3	367185	0.407895	0.297297	0.0369591
Pf3D7_09_v3	397149	0.0328947	0.0963855	0.0469841
Pf3D7_09_v3	419369	0.423611	0.50817	0.0163129
Pf3D7_09_v3	454887	0.876623	0.825826	0.010534
Pf3D7_09_v3	485207	0	0.053125	0.0762357
Pf3D7_09_v3	511609	0.604478	0.705706	0.0327533
Pf3D7_09_v3	512739	0.168831	0.232733	0.0146755
Pf3D7_09_v3	547198	0.908451	0.97352	0.0552281
Pf3D7_09_v3	589646	0.776596	0.870438	0.0482816
Pf3D7_09_v3	589649	0.776596	0.868519	0.0451963
Pf3D7_09_v3	595888	0.363014	0.43038	0.00858845
Pf3D7_09_v3	595969	0.157534	0.233025	0.0234782
Pf3D7_09_v3	596332	0.868421	0.795082	0.023913
Pf3D7_09_v3	598872	0.701299	0.756272	0.00479896
Pf3D7_09_v3	602381	0.311688	0.218644	0.0268019
Pf3D7_09_v3	631776	0.954545	0.901198	0.0277591
Pf3D7_09_v3	664165	0.181818	0.115269	0.0221208
Pf3D7_09_v3	671222	0.213333	0.308383	0.0319233
Pf3D7_09_v3	677887	0.824675	0.754747	0.0170507
Pf3D7_09_v3	678111	0.175325	0.116822	0.0152295
Pf3D7_09_v3	685239	0.0844156	0.0254491	0.0465931
Pf3D7_09_v3	685626	0.371622	0.488024	0.0387797
Pf3D7_09_v3	686900	0.375	0.425305	0.00222162
Pf3D7_09_v3	689176	0.898438	0.952096	0.030365
Pf3D7_09_v3	689921	0.185714	0.133234	0.0114616
Pf3D7_09_v3	747558	0.22	0.155689	0.0159229
Pf3D7_09_v3	747864	0.539474	0.592814	0.00333614
Pf3D7_09_v3	754395	0.205882	0.122324	0.0371667
Pf3D7_09_v3	771645	0.310811	0.406627	0.0261718
Pf3D7_09_v3	772064	0.509615	0.672185	0.0930792
Pf3D7_09_v3	845489	0.538961	0.397476	0.0553867
Pf3D7_09_v3	850094	0.305195	0.375	0.0113466
Pf3D7_09_v3	873040	0.350649	0.423547	0.011746
Pf3D7_09_v3	885068	0.493056	0.615987	0.043051
Pf3D7_09_v3	900277	0.243243	0.137195	0.051932
Pf3D7_09_v3	934643	0.0743243	0.0225904	0.0411886
Pf3D7_09_v3	963651	0.625	0.67608	0.00228392
Pf3D7_09_v3	984241	0.149351	0.0984615	0.0128094
Pf3D7_09_v3	996339	0.772727	0.825243	0.00688057
Pf3D7_09_v3	1005351	0.151316	0.279279	0.0704256
Pf3D7_09_v3	1015339	0.565789	0.63964	0.0123306
Pf3D7_09_v3	1080655	0.243421	0.363636	0.0471073
Pf3D7_09_v3	1085269	0.441558	0.391239	0.00223111
Pf3D7_09_v3	1129679	0.811688	0.760377	0.00470089
Pf3D7_09_v3	1142303	0.174603	0.315315	0.086783
Pf3D7_09_v3	1175229	0.0733333	0.0184615	0.0480701
Pf3D7_09_v3	1178963	0.974026	0.918142	0.0325883
Pf3D7_09_v3	1201941	0.0202703	0.0702875	0.0396878
Pf3D7_09_v3	1201952	0.0205479	0.0725806	0.0419956
Pf3D7_09_v3	1201965	0.0205479	0.0752688	0.0423872
Pf3D7_09_v3	1201967	0.0205479	0.0744681	0.0416873
Pf3D7_09_v3	1202410	0.305195	0.250831	0.00480901
Pf3D7_09_v3	1202447	0.25974	0.203448	0.00692812
Pf3D7_09_v3	1202451	0.25974	0.206897	0.00527609
Pf3D7_09_v3	1206298	0.162338	0.244444	0.0203151
Pf3D7_09_v3	1206484	0.396104	0.452756	0.00256761
Pf3D7_09_v3	1206669	0.551948	0.476534	0.0101165
Pf3D7_09_v3	1239513	0.217391	0.10961	0.0644508
Pf3D7_09_v3	1270380	0.263514	0.321981	0.00720384
Pf3D7_09_v3	1292496	0.0844156	0.0256024	0.0453652
Pf3D7_09_v3	1326676	0.233766	0.169291	0.0113325
Pf3D7_09_v3	1357989	0.311594	0.367868	0.00534669
Pf3D7_09_v3	1379145	0.584416	0.5	0.0169682
Pf3D7_09_v3	1401633	0.118421	0.0553892	0.034291
Pf3D7_09_v3	1405681	0.703947	0.821646	0.053978
Pf3D7_09_v3	1406520	0.697368	0.818462	0.0562092
Pf3D7_09_v3	1406576	0.677632	0.809816	0.0652942
Pf3D7_09_v3	1406631	0.703947	0.825688	0.0582646
Pf3D7_09_v3	1419048	0.631579	0.713333	0.0133096
Pf3D7_09_v3	1419063	0.638158	0.72467	0.0162442
Pf3D7_09_v3	1427653	0.439189	0.355856	0.0176962
Pf3D7_09_v3	1433621	0.157895	0.218563	0.0134284
Pf3D7_09_v3	1437244	0.637097	0.730422	0.0294737
Pf3D7_09_v3	1437346	0.0217391	0.0960961	0.0760352
Pf3D7_09_v3	1447687	0.164474	0.102102	0.0215913
Pf3D7_09_v3	1468628	0.166667	0.220721	0.00884519
Pf3D7_09_v3	1468650	0.326667	0.199102	0.0608489
Pf3D7_09_v3	1468656	0.125	0.0284431	0.0954212
Pf3D7_09_v3	1468668	0.0921053	0.042042	0.0262805
Pf3D7_09_v3	1468670	0.16	0.252252	0.0358812
Pf3D7_09_v3	1468676	0.576389	0.708084	0.055753
Pf3D7_09_v3	1469377	0.173611	0.239063	0.0149764
Pf3D7_10_v3	108293	0.0866667	0.145455	0.0212981
Pf3D7_10_v3	113265	0.605263	0.679641	0.0135892
Pf3D7_10_v3	113582	0.383117	0.444611	0.00669033
Pf3D7_10_v3	113618	0.396104	0.450301	0.00371526
Pf3D7_10_v3	149861	0.460938	0.391566	0.0105389
Pf3D7_10_v3	152787	0.279221	0.209265	0.014528
Pf3D7_10_v3	152974	0.357143	0.434853	0.0134344
Pf3D7_10_v3	153264	0.0779221	0.131229	0.0166412
Pf3D7_10_v3	155895	0.116883	0.0495495	0.0408872
Pf3D7_10_v3	175674	0.598684	0.667219	0.00870346
Pf3D7_10_v3	188537	0.691781	0.742515	0.0039488
Pf3D7_10_v3	188681	0.425676	0.366366	0.00589601
Pf3D7_10_v3	195405	0.358108	0.438291	0.0150023
Pf3D7_10_v3	218459	0.506494	0.421922	0.0171147
Pf3D7_10_v3	219315	0.133333	0.206325	0.0245752
Pf3D7_10_v3	223064	0.473684	0.414414	0.005819
Pf3D7_10_v3	223211	0.545455	0.456456	0.0196449
Pf3D7_10_v3	230447	0.0808824	0.133634	0.0202292
Pf3D7_10_v3	233558	0.337662	0.273885	0.00865245
Pf3D7_10_v3	317581	0.383117	0.471471	0.0196076
Pf3D7_10_v3	323640	0.188312	0.129909	0.0143576
Pf3D7_10_v3	325616	0.311688	0.226236	0.0196403
Pf3D7_10_v3	331755	0.00877193	0.235669	0.339431
Pf3D7_10_v3	341106	0.474026	0.388446	0.0141512
Pf3D7_10_v3	354181	0.0844156	0.027027	0.0436343
Pf3D7_10_v3	377197	0.636364	0.687879	0.0034687
Pf3D7_10_v3	395076	0.0616438	0.122754	0.0307642
Pf3D7_10_v3	397013	0.766234	0.71021	0.00721748
Pf3D7_10_v3	416039	0.833333	0.887387	0.0141608
Pf3D7_10_v3	455427	0.6	0.65015	0.00248164
Pf3D7_10_v3	471727	0.295775	0.370482	0.0149898
Pf3D7_10_v3	504499	0.0460526	0.127628	0.0602417
Pf3D7_10_v3	520256	0.246667	0.184685	0.0121066
Pf3D7_10_v3	538449	0.3	0.242515	0.00760571
Pf3D7_10_v3	557686	0.429577	0.479933	0.00161787
Pf3D7_10_v3	558458	0.214286	0.267241	0.00528346
Pf3D7_10_v3	598372	0.375	0.316514	0.00605319
Pf3D7_10_v3	605295	0.363636	0.29223	0.0109844
Pf3D7_10_v3	631276	0.625	0.677711	0.00387131
Pf3D7_10_v3	653138	0.326667	0.233232	0.0285154
Pf3D7_10_v3	661961	0.5	0.57958	0.0147929
Pf3D7_10_v3	669306	0.435065	0.318862	0.0397215
Pf3D7_10_v3	669908	0.296053	0.23494	0.00934676
Pf3D7_10_v3	675547	0.844156	0.898204	0.0146774
Pf3D7_10_v3	675913	0.571429	0.5	0.0107749
Pf3D7_10_v3	676002	0.572368	0.491018	0.0157062
Pf3D7_10_v3	682381	0.440789	0.5	0.00512043
Pf3D7_10_v3	728006	0.0194805	0.0720721	0.0436514
Pf3D7_10_v3	728132	0.302632	0.379939	0.0152261
Pf3D7_10_v3	779125	0.142857	0.0838323	0.0223248
Pf3D7_10_v3	797802	0.123377	0.19391	0.0226289
Pf3D7_10_v3	799482	0.06	0.00796178	0.057225
Pf3D7_10_v3	808864	0.409091	0.466967	0.00483243
Pf3D7_10_v3	817457	0.707792	0.621622	0.0207269
Pf3D7_10_v3	821899	0.75974	0.829749	0.0151986
Pf3D7_10_v3	830545	0	0.0607903	0.0902847
Pf3D7_10_v3	830561	0	0.0575758	0.0928988
Pf3D7_10_v3	851692	0.135135	0.0793919	0.0178285
Pf3D7_10_v3	862077	0.324675	0.442943	0.0411432
Pf3D7_10_v3	922020	0.538961	0.642424	0.029273
Pf3D7_10_v3	922261	0.409091	0.331325	0.0148367
Pf3D7_10_v3	927923	0.344595	0.431138	0.0197984
Pf3D7_10_v3	992820	0.0909091	0.148649	0.0195137
Pf3D7_10_v3	1063269	0.818182	0.747036	0.0142597
Pf3D7_10_v3	1077661	0.961039	0.904834	0.0340489
Pf3D7_10_v3	1092514	0.116883	0.187697	0.0239265
Pf3D7_10_v3	1095678	0.144737	0.0924242	0.0148874
Pf3D7_10_v3	1111228	0.038961	0.129969	0.0762913
Pf3D7_10_v3	1111441	0.37013	0.465839	0.0234198
Pf3D7_10_v3	1116062	0.136364	0.0557692	0.0452384
Pf3D7_10_v3	1126676	0.368421	0.441896	0.0116773
Pf3D7_10_v3	1128179	0.272727	0.170732	0.0414025
Pf3D7_10_v3	1138019	0.376623	0.298742	0.0151283
Pf3D7_10_v3	1149278	0.0416667	0.0981873	0.0343707
Pf3D7_10_v3	1166646	0.0649351	0.0105105	0.0572963
Pf3D7_10_v3	1172279	0.4	0.320359	0.0163805
Pf3D7_10_v3	1181683	0.350649	0.194611	0.0887318
Pf3D7_10_v3	1195694	0.417808	0.341867	0.0138289
Pf3D7_10_v3	1217557	0.0714286	0.123123	0.0186193
Pf3D7_10_v3	1236867	0.305195	0.203593	0.0375703
Pf3D7_10_v3	1244825	0.441558	0.355856	0.0185275
Pf3D7_10_v3	1258020	0.603896	0.708084	0.0323591
Pf3D7_10_v3	1261451	0.0486111	0.163664	0.104306
Pf3D7_10_v3	1277622	0	0.107143	0.157573
Pf3D7_10_v3	1281633	0.526316	0.598802	0.0110681
Pf3D7_10_v3	1286081	0.175325	0.246933	0.0184408
Pf3D7_10_v3	1318156	0.214286	0.273273	0.00924043
Pf3D7_10_v3	1319183	0.111842	0.163664	0.0119615
Pf3D7_10_v3	1324636	0.0714286	0.0212766	0.0390737
Pf3D7_10_v3	1326050	0.485507	0.614173	0.0407454
Pf3D7_10_v3	1326055	0.446154	0.594488	0.0573859
Pf3D7_10_v3	1326390	0.253333	0.153409	0.0372136
Pf3D7_10_v3	1336213	0.12987	0.0707831	0.0247661
Pf3D7_10_v3	1339970	0.350649	0.463964	0.0365322
Pf3D7_10_v3	1385203	0.883117	0.940171	0.0196121
Pf3D7_10_v3	1385894	0.311688	0.253788	0.00500516
Pf3D7_10_v3	1386094	0.280822	0.184524	0.0296243
Pf3D7_10_v3	1386107	0.361111	0.219665	0.0588592
Pf3D7_10_v3	1386703	0.246753	0.189815	0.00875914
Pf3D7_10_v3	1387021	0.474026	0.530395	0.00419066
Pf3D7_10_v3	1387185	0.253247	0.200906	0.00621963
Pf3D7_10_v3	1387280	0.194805	0.139394	0.0113253
Pf3D7_10_v3	1387332	0.162338	0.10423	0.0171545
Pf3D7_10_v3	1391657	0.811688	0.733025	0.0220611
Pf3D7_10_v3	1391660	0.798701	0.73065	0.0147005
Pf3D7_10_v3	1391697	0.824675	0.733025	0.0325676
Pf3D7_10_v3	1391740	0.818182	0.756289	0.0119469
Pf3D7_10_v3	1391748	0.818182	0.757862	0.011117
Pf3D7_10_v3	1391795	0.753247	0.669304	0.0206299
Pf3D7_10_v3	1391865	0.772727	0.689711	0.0208635
Pf3D7_10_v3	1391943	0.811688	0.758786	0.0069104
Pf3D7_10_v3	1391973	0.805195	0.751623	0.00680555
Pf3D7_10_v3	1392058	0.863636	0.808065	0.0115756
Pf3D7_10_v3	1392353	0.538961	0.419408	0.0374345
Pf3D7_10_v3	1404315	0.155844	0.0808511	0.0293
Pf3D7_10_v3	1407577	0.175676	0.041502	0.115963
Pf3D7_10_v3	1407587	0.175676	0.0376984	0.124011
Pf3D7_10_v3	1407606	0.175676	0.0258964	0.151914
Pf3D7_10_v3	1407612	0.162162	0.0258964	0.13498
Pf3D7_10_v3	1407780	0.396104	0.320819	0.0122137
Pf3D7_10_v3	1407783	0.396104	0.320205	0.0124985
Pf3D7_10_v3	1407784	0.396104	0.321306	0.0119095
Pf3D7_10_v3	1407791	0.396104	0.328231	0.00873198
Pf3D7_10_v3	1407955	0.74026	0.648276	0.0228456
Pf3D7_10_v3	1410035	0.0649351	0.0135135	0.0420539
Pf3D7_10_v3	1414316	0.415584	0.35307	0.00419825
Pf3D7_10_v3	1414332	0.714286	0.632287	0.0132653
Pf3D7_10_v3	1414333	0.714286	0.630531	0.0142531
Pf3D7_10_v3	1414525	0.435065	0.341004	0.0181955
Pf3D7_10_v3	1414537	0.818182	0.75	0.0116436
Pf3D7_10_v3	1414598	0.0974026	0.158333	0.0158776
Pf3D7_10_v3	1449581	0.11039	0.0302115	0.0700969
Pf3D7_10_v3	1498888	0.1	0.180251	0.040917
Pf3D7_10_v3	1509426	0.142857	0.239521	0.0424593
Pf3D7_10_v3	1513542	0.202703	0.138138	0.0181206
Pf3D7_10_v3	1548519	0.0197368	0.0895765	0.0642767
Pf3D7_10_v3	1551520	0.525974	0.436937	0.0197124
Pf3D7_10_v3	1551542	0.0986842	0.173653	0.0323929
Pf3D7_10_v3	1551543	0.0986842	0.173653	0.0323929
Pf3D7_10_v3	1554604	0.305556	0.356495	0.00297467
Pf3D7_10_v3	1569780	0.298701	0.18845	0.0459396
Pf3D7_10_v3	1570149	0.402597	0.351438	0.0025972
Pf3D7_11_v3	111368	0.492424	0.545031	0.00254155
Pf3D7_11_v3	119553	0.337662	0.26461	0.0130841
Pf3D7_11_v3	120055	0.487013	0.428315	0.00367669
Pf3D7_11_v3	120959	0.357143	0.20777	0.0741412
Pf3D7_11_v3	123964	0.421053	0.488024	0.00896327
Pf3D7_11_v3	300038	0.227273	0.143713	0.0311488
Pf3D7_11_v3	301858	0.116883	0.234234	0.0683495
Pf3D7_11_v3	334682	0.166667	0.258258	0.0345981
Pf3D7_11_v3	357894	0.0974026	0.0419162	0.0317277
Pf3D7_11_v3	382738	0.210526	0.136637	0.0247396
Pf3D7_11_v3	395287	0.362069	0.294586	0.0115725
Pf3D7_11_v3	408566	0.525974	0.474903	0.000628278
Pf3D7_11_v3	408643	0.512987	0.458801	0.00171445
Pf3D7_11_v3	408668	0.512987	0.450943	0.00432191
Pf3D7_11_v3	410321	0.565574	0.649533	0.0196257
Pf3D7_11_v3	435211	0.144737	0.0840841	0.0231819
Pf3D7_11_v3	449093	0.664474	0.542169	0.0437887
Pf3D7_11_v3	473241	0.773333	0.676259	0.0282222
Pf3D7_11_v3	473653	0.128571	0.0561798	0.0395338
Pf3D7_11_v3	482169	0.125	0.0607477	0.0329158
Pf3D7_11_v3	505092	0.123377	0.0508475	0.0371294
Pf3D7_11_v3	526330	0.402597	0.317518	0.016075
Pf3D7_11_v3	527670	0.296053	0.235937	0.00848461
Pf3D7_11_v3	528463	0.342105	0.282609	0.00707803
Pf3D7_11_v3	528525	0.381579	0.31348	0.0101725
Pf3D7_11_v3	528561	0.388158	0.310127	0.0151167
Pf3D7_11_v3	582168	0.145833	0.0378486	0.0886072
Pf3D7_11_v3	582324	0.168919	0.103509	0.0206078
Pf3D7_11_v3	613389	0.0714286	0.13964	0.033162
Pf3D7_11_v3	644562	0.215278	0.278614	0.011561
Pf3D7_11_v3	648199	0.188312	0.11976	0.02274
Pf3D7_11_v3	683965	0.236842	0.174174	0.013305
Pf3D7_11_v3	696098	0.694805	0.770042	0.0122513
Pf3D7_11_v3	719742	0.123377	0.178144	0.0128029
Pf3D7_11_v3	723280	0.409091	0.354354	0.00435159
Pf3D7_11_v3	730314	0.171053	0.103293	0.0250703
Pf3D7_11_v3	733525	0.188312	0.261976	0.0188684
Pf3D7_11_v3	740730	0.0933333	0.0416667	0.0264686
Pf3D7_11_v3	768205	0.0779221	0.198738	0.0856024
Pf3D7_11_v3	769741	0.292208	0.219745	0.0151443
Pf3D7_11_v3	777840	0.66	0.714552	0.00322948
Pf3D7_11_v3	787953	0.267123	0.328829	0.00864792
Pf3D7_11_v3	815621	0.266234	0.173653	0.0340717
Pf3D7_11_v3	865260	0.0890411	0.158055	0.0298543
Pf3D7_11_v3	897820	0.111842	0.0538462	0.0294955
Pf3D7_11_v3	901414	0.532895	0.457831	0.0122373
Pf3D7_11_v3	902534	0.292208	0.199102	0.0311886
Pf3D7_11_v3	911081	0.222222	0.372642	0.0786593
Pf3D7_11_v3	918588	0.954545	0.850299	0.0892905
Pf3D7_11_v3	987190	0.649351	0.747006	0.030135
Pf3D7_11_v3	999375	0.446154	0.597598	0.0724003
Pf3D7_11_v3	1019172	0.0779221	0.151652	0.0370149
Pf3D7_11_v3	1019333	0.10274	0.153614	0.0125994
Pf3D7_11_v3	1020134	0.38961	0.465361	0.012769
Pf3D7_11_v3	1033750	0.345588	0.423653	0.015608
Pf3D7_11_v3	1043346	0.462264	0.539384	0.0141109
Pf3D7_11_v3	1045775	0.0724638	0.137615	0.0315274
Pf3D7_11_v3	1054078	0.0671642	0.126126	0.0309436
Pf3D7_11_v3	1056402	0.101351	0.0465465	0.0299702
Pf3D7_11_v3	1057437	0.0958904	0.222222	0.0881671
Pf3D7_11_v3	1058035	0.0692308	0.193443	0.101133
Pf3D7_11_v3	1084422	0.25	0.186747	0.012924
Pf3D7_11_v3	1126115	0.644737	0.516517	0.0478309
Pf3D7_11_v3	1127117	0.396104	0.455975	0.00513646
Pf3D7_11_v3	1132096	0.837662	0.747312	0.0299638
Pf3D7_11_v3	1181093	0.657534	0.718504	0.00540195
Pf3D7_11_v3	1188635	0.201299	0.254518	0.00710038
Pf3D7_11_v3	1230769	0.142857	0.086478	0.0181371
Pf3D7_11_v3	1265487	0.131579	0.0763473	0.0202078
Pf3D7_11_v3	1329813	0.214286	0.161512	0.00753093
Pf3D7_11_v3	1355726	0.25	0.364865	0.0455027
Pf3D7_11_v3	1360267	0.324675	0.253226	0.0128384
Pf3D7_11_v3	1382197	0.677632	0.843844	0.10941
Pf3D7_11_v3	1385066	0.0616438	0.112613	0.0212537
Pf3D7_11_v3	1404465	0.0723684	0.134731	0.0279384
Pf3D7_11_v3	1543626	0.477612	0.542042	0.0080543
Pf3D7_11_v3	1543806	0.219178	0.163664	0.0101781
Pf3D7_11_v3	1563321	0.48	0.541916	0.00663018
Pf3D7_11_v3	1587349	0.606667	0.666667	0.00626723
Pf3D7_11_v3	1621852	0.25	0.35994	0.0409801
Pf3D7_11_v3	1638141	0.11039	0.0454545	0.0392712
Pf3D7_11_v3	1640263	0.376623	0.234139	0.0687155
Pf3D7_11_v3	1640343	0.279221	0.336858	0.00634578
Pf3D7_11_v3	1640669	0.649351	0.702128	0.00426656
Pf3D7_11_v3	1640767	0.467105	0.366667	0.026074
Pf3D7_11_v3	1645378	0.123377	0.0615616	0.0304264
Pf3D7_11_v3	1677370	0.201299	0.146084	0.0109273
Pf3D7_11_v3	1679200	0.103896	0.0404192	0.0422008
Pf3D7_11_v3	1717624	0	0.0516717	0.0772858
Pf3D7_11_v3	1791176	0.0194805	0.0729167	0.0407365
Pf3D7_11_v3	1807591	0.681818	0.735736	0.00524328
Pf3D7_11_v3	1807598	0.668831	0.736527	0.0116477
Pf3D7_11_v3	1807633	0.675325	0.726048	0.00370858
Pf3D7_11_v3	1807675	0.305195	0.231928	0.0156754
Pf3D7_11_v3	1811834	0.74026	0.850904	0.0534222
Pf3D7_11_v3	1815412	0.551948	0.624251	0.0113826
Pf3D7_11_v3	1831402	0.0492958	0.117117	0.0435347
Pf3D7_11_v3	1843744	0.0405405	0.106607	0.0458978
Pf3D7_11_v3	1864433	0.103896	0.0515152	0.0237374
Pf3D7_11_v3	1865755	0.142857	0.0688623	0.040048
Pf3D7_11_v3	1866928	0.383117	0.238024	0.0707904
Pf3D7_11_v3	1879228	0.190789	0.134259	0.0128151
Pf3D7_11_v3	1935051	0.896104	0.959707	0.037172
Pf3D7_11_v3	1968583	0.0844156	0.138462	0.0174955
Pf3D7_11_v3	1986214	0.266667	0.320359	0.00548996
Pf3D7_11_v3	1986217	0.266667	0.320359	0.00548996
Pf3D7_11_v3	2001345	0.707792	0.650641	0.00523388
Pf3D7_12_v3	63393	0.727273	0.782609	0.00587385
Pf3D7_12_v3	70130	0.12987	0.0645646	0.0324758
Pf3D7_12_v3	96297	0.0974026	0.0451389	0.0249957
Pf3D7_12_v3	100405	0.08	0.0194611	0.0557906
Pf3D7_12_v3	114173	0.410959	0.517964	0.0316949
Pf3D7_12_v3	128975	0.116071	0.169408	0.0135346
Pf3D7_12_v3	201213	0.0584416	0.133634	0.0457734
Pf3D7_12_v3	233486	0.0909091	0.0391566	0.0287892
Pf3D7_12_v3	233523	0.337662	0.391566	0.00414411
Pf3D7_12_v3	320260	0.701299	0.618619	0.0187572
Pf3D7_12_v3	362721	0.162338	0.061747	0.0728977
Pf3D7_12_v3	367530	0.0855263	0.149225	0.0207493
Pf3D7_12_v3	379979	0.736842	0.807566	0.0156038
Pf3D7_12_v3	381788	0.282895	0.222054	0.0101184
Pf3D7_12_v3	381954	0.157895	0.0692771	0.0549412
Pf3D7_12_v3	397007	0.0974026	0.0474006	0.0234306
Pf3D7_12_v3	418827	0.266234	0.172598	0.0308473
Pf3D7_12_v3	418961	0.383117	0.294014	0.0194561
Pf3D7_12_v3	440232	0.113333	0.0570571	0.0271726
Pf3D7_12_v3	517803	0.168831	0.117424	0.00836417
Pf3D7_12_v3	560653	0.168831	0.0471014	0.0990262
Pf3D7_12_v3	617072	0.0522388	0.108108	0.0306116
Pf3D7_12_v3	643241	0.292208	0.37988	0.0216843
Pf3D7_12_v3	649400	0.448052	0.556886	0.0320245
Pf3D7_12_v3	659792	0.194805	0.129179	0.0193246
Pf3D7_12_v3	659823	0.383117	0.441718	0.0051861
Pf3D7_12_v3	659920	0.227273	0.140909	0.0330063
Pf3D7_12_v3	659938	0.623377	0.700608	0.0153193
Pf3D7_12_v3	679192	0.290541	0.23503	0.00668176
Pf3D7_12_v3	688338	0.12987	0.218182	0.037079
Pf3D7_12_v3	693593	0.125	0.17515	0.0100271
Pf3D7_12_v3	712024	0.0194805	0.0778443	0.0525807
Pf3D7_12_v3	718443	0.0657895	0.116766	0.019108
Pf3D7_12_v3	739074	0.152778	0.243243	0.0367967
Pf3D7_12_v3	742392	0.730263	0.878743	0.101576
Pf3D7_12_v3	786224	0.454545	0.354077	0.0209742
Pf3D7_12_v3	802744	0.805195	0.683183	0.0556876
Pf3D7_12_v3	803509	0.24026	0.179878	0.0113282
Pf3D7_12_v3	817280	0.25974	0.173653	0.0289319
Pf3D7_12_v3	857245	0.311688	0.368421	0.00522272
Pf3D7_12_v3	892971	0.561644	0.493994	0.00898462
Pf3D7_12_v3	913124	0.506494	0.399399	0.0310924
Pf3D7_12_v3	994506	0.168831	0.0943114	0.0328329
Pf3D7_12_v3	1014046	0.723684	0.65	0.0141451
Pf3D7_12_v3	1014714	0.716216	0.634969	0.0181297
Pf3D7_12_v3	1014752	0.527778	0.468553	0.00477209
Pf3D7_12_v3	1014802	0.5	0.590062	0.0199551
Pf3D7_12_v3	1033765	0.125	0.200906	0.0282594
Pf3D7_12_v3	1060171	0.0909091	0.0164671	0.0788507
Pf3D7_12_v3	1068436	0.285714	0.179641	0.0439593
Pf3D7_12_v3	1130385	0.246753	0.150915	0.0394578
Pf3D7_12_v3	1137244	0	0.0567766	0.0745212
Pf3D7_12_v3	1139353	0	0.060423	0.0904392
Pf3D7_12_v3	1148728	0.0649351	0.141921	0.0344659
Pf3D7_12_v3	1162825	0.0454545	0.11032	0.0363473
Pf3D7_12_v3	1166166	0.0649351	0.128743	0.0313801
Pf3D7_12_v3	1181552	0.2	0.14375	0.0120766
Pf3D7_12_v3	1184925	0.423729	0.5347	0.037391
Pf3D7_12_v3	1204724	0.142857	0.0791925	0.0293064
Pf3D7_12_v3	1212111	0.559211	0.5	0.00268402
Pf3D7_12_v3	1212117	0.552632	0.444681	0.0243693
Pf3D7_12_v3	1216720	0.0519481	0.114907	0.033573
Pf3D7_12_v3	1216848	0.00704225	0.0914634	0.113008
Pf3D7_12_v3	1221310	0.0909091	0.03367	0.0353463
Pf3D7_12_v3	1224146	0.0454545	0.157088	0.0853447
Pf3D7_12_v3	1231143	0.129032	0.058104	0.0450052
Pf3D7_12_v3	1279226	0.103896	0.0508982	0.0254364
Pf3D7_12_v3	1316404	0.168831	0.110592	0.0164251
Pf3D7_12_v3	1323878	0.0657895	0.0120482	0.0549982
Pf3D7_12_v3	1325916	0.0779221	0.148485	0.0336166
Pf3D7_12_v3	1337807	0.0789474	0.0239521	0.0433386
Pf3D7_12_v3	1338770	0	0.0512048	0.0778389
Pf3D7_12_v3	1360904	0.0779221	0.0150602	0.0630291
Pf3D7_12_v3	1411651	0.838028	0.926426	0.0558887
Pf3D7_12_v3	1415954	0.232394	0.387725	0.0854178
Pf3D7_12_v3	1415981	0.716667	0.802395	0.031001
Pf3D7_12_v3	1438610	0.0909091	0.0210843	0.066105
Pf3D7_12_v3	1473256	0.0131579	0.0658683	0.0526711
Pf3D7_12_v3	1481708	0.0519481	0.129518	0.0514189
Pf3D7_12_v3	1491876	0.188312	0.093985	0.0446548
Pf3D7_12_v3	1523026	0.921053	0.835347	0.0487349
Pf3D7_12_v3	1541425	0.253247	0.183891	0.0162341
Pf3D7_12_v3	1552730	0.233766	0.310897	0.0173074
Pf3D7_12_v3	1560552	0.394737	0.336858	0.00549275
Pf3D7_12_v3	1640056	0.396104	0.335052	0.0059301
Pf3D7_12_v3	1653113	0.181818	0.128483	0.0110567
Pf3D7_12_v3	1660616	0.24026	0.29491	0.00617207
Pf3D7_12_v3	1662107	0.805195	0.877023	0.024024
Pf3D7_12_v3	1667498	0.35	0.4375	0.0158921
Pf3D7_12_v3	1747290	0.181818	0.0947581	0.0359284
Pf3D7_12_v3	1750319	0.155405	0.0620155	0.056207
Pf3D7_12_v3	1776228	0.753846	0.804217	0.00555806
Pf3D7_12_v3	1787279	0.184211	0.268997	0.0268454
Pf3D7_12_v3	1788816	0.164474	0.229042	0.0152964
Pf3D7_12_v3	1859918	0.11039	0.167665	0.0162445
Pf3D7_12_v3	1891957	0.0714286	0.018018	0.0459291
Pf3D7_12_v3	1903406	0.138889	0.205329	0.0180936
Pf3D7_12_v3	1943690	0.207792	0.148036	0.014005
Pf3D7_12_v3	2014634	0.0779221	0.157658	0.0422631
Pf3D7_12_v3	2068833	0.292208	0.212349	0.0212232
Pf3D7_12_v3	2069157	0.181818	0.108434	0.0285421
Pf3D7_12_v3	2092969	0.415584	0.501497	0.0181938
Pf3D7_12_v3	2093692	0.292208	0.216463	0.0180139
Pf3D7_12_v3	2150695	0.578947	0.705706	0.0496132
Pf3D7_13_v3	92637	0.324675	0.392193	0.00767018
Pf3D7_13_v3	93019	0.519481	0.442997	0.0117887
Pf3D7_13_v3	112828	0.276316	0.1997	0.0201819
Pf3D7_13_v3	139545	0.380597	0.322823	0.00579542
Pf3D7_13_v3	155025	0.188312	0.26497	0.0210309
Pf3D7_13_v3	155246	0.519481	0.634731	0.0379905
Pf3D7_13_v3	155834	0.269737	0.335329	0.0104904
Pf3D7_13_v3	155839	0.269737	0.330838	0.00836949
Pf3D7_13_v3	156689	0.642857	0.552395	0.0214394
Pf3D7_13_v3	156793	0.276316	0.346386	0.0125632
Pf3D7_13_v3	156814	0.38961	0.507485	0.038914
Pf3D7_13_v3	159458	0.148649	0.23503	0.0333258
Pf3D7_13_v3	159531	0.0866667	0.0194611	0.0651283
Pf3D7_13_v3	192974	0.474026	0.549407	0.00931163
Pf3D7_13_v3	194874	0.772059	0.833333	0.0109554
Pf3D7_13_v3	224564	0.813433	0.872274	0.0156468
Pf3D7_13_v3	256854	0.331169	0.399083	0.00967334
Pf3D7_13_v3	301446	0.662338	0.576347	0.0194997
Pf3D7_13_v3	310114	0.0454545	0.102446	0.0315121
Pf3D7_13_v3	315401	0.292208	0.362121	0.0116254
Pf3D7_13_v3	315647	0.331081	0.438438	0.0336184
Pf3D7_13_v3	335094	0.0779221	0.130631	0.0177677
Pf3D7_13_v3	374833	0.153333	0.0958084	0.0184073
Pf3D7_13_v3	387472	0.253333	0.315152	0.00931288
Pf3D7_13_v3	388365	0.844156	0.794118	0.00534945
Pf3D7_13_v3	388986	0.558442	0.503497	0.00281703
Pf3D7_13_v3	389148	0.0974026	0.168421	0.0256446
Pf3D7_13_v3	400162	0.464912	0.349398	0.0462858
Pf3D7_13_v3	406542	0.155844	0.217066	0.0137264
Pf3D7_13_v3	409220	0.162338	0.106607	0.0151291
Pf3D7_13_v3	409339	0.0649351	0.136637	0.0388194
Pf3D7_13_v3	410605	0.0810811	0.00755287	0.0923982
Pf3D7_13_v3	410962	0.232877	0.311146	0.0182156
Pf3D7_13_v3	434954	0.0844156	0.0341615	0.0295299
Pf3D7_13_v3	444696	0.736486	0.67377	0.00792407
Pf3D7_13_v3	459685	0.162338	0.103636	0.0153957
Pf3D7_13_v3	474533	0.128378	0.0737952	0.0203164
Pf3D7_13_v3	488263	0.123377	0.0714286	0.0175974
Pf3D7_13_v3	536730	0.131579	0.0750751	0.0215071
Pf3D7_13_v3	542106	0.350649	0.233974	0.0442479
Pf3D7_13_v3	564975	0.256579	0.152568	0.0467175
Pf3D7_13_v3	576501	0.697368	0.752994	0.00693022
Pf3D7_13_v3	585350	0.188312	0.128834	0.0146874
Pf3D7_13_v3	613236	0.157895	0.0958084	0.0224158
Pf3D7_13_v3	629898	0.678082	0.570571	0.0345112
Pf3D7_13_v3	738765	0.973333	0.906907	0.056918
Pf3D7_13_v3	767738	0.532258	0.451613	0.0150904
Pf3D7_13_v3	776656	0.12987	0.188623	0.0146424
Pf3D7_13_v3	784299	0.168831	0.112275	0.0153848
Pf3D7_13_v3	801722	0.460938	0.531722	0.0107054
Pf3D7_13_v3	837587	0.0909091	0.0374251	0.0317145
Pf3D7_13_v3	860281	0.0337838	0.0868167	0.0319487
Pf3D7_13_v3	861829	0.0958904	0.165109	0.027336
Pf3D7_13_v3	869846	0.0197368	0.0845865	0.0532129
Pf3D7_13_v3	881334	0.0769231	0.0241636	0.0375248
Pf3D7_13_v3	892326	0.212121	0.157807	0.00873834
Pf3D7_13_v3	894017	0.105634	0.0553892	0.022617
Pf3D7_13_v3	894657	0.207792	0.258258	0.00550599
Pf3D7_13_v3	916391	0.038961	0.0990991	0.0386173
Pf3D7_13_v3	931547	0.142857	0.205438	0.0158028
Pf3D7_13_v3	934650	0.106667	0.19305	0.0340642
Pf3D7_13_v3	942436	0.220779	0.299353	0.018116
Pf3D7_13_v3	956051	0.256579	0.336364	0.0183784
Pf3D7_13_v3	976005	0.272727	0.331832	0.00727832
Pf3D7_13_v3	986866	0.0887097	0.144781	0.0191993
Pf3D7_13_v3	1004402	0.103896	0.0495495	0.0275696
Pf3D7_13_v3	1026856	0.268519	0.409091	0.0692831
Pf3D7_13_v3	1079839	0.116883	0.0645646	0.0210758
Pf3D7_13_v3	1103578	0.352113	0.288288	0.00945177
Pf3D7_13_v3	1119383	0.0131579	0.0798193	0.0723966
Pf3D7_13_v3	1143883	0.885714	0.93994	0.0249011
Pf3D7_13_v3	1155088	0.126667	0.182635	0.0132263
Pf3D7_13_v3	1216891	0.335526	0.268882	0.011028
Pf3D7_13_v3	1231430	0.350649	0.268482	0.0155117
Pf3D7_13_v3	1255528	0.396104	0.323353	0.012666
Pf3D7_13_v3	1265571	0.616883	0.528443	0.0195166
Pf3D7_13_v3	1267633	0.188312	0.121451	0.020694
Pf3D7_13_v3	1314283	0.00649351	0.0583832	0.0617356
Pf3D7_13_v3	1329932	0.149351	0.0936556	0.0168746
Pf3D7_13_v3	1330092	0.194805	0.111111	0.0366928
Pf3D7_13_v3	1341364	0.398649	0.478916	0.0152287
Pf3D7_13_v3	1359289	0.532468	0.597598	0.00798879
Pf3D7_13_v3	1359833	0.292208	0.179128	0.0491729
Pf3D7_13_v3	1394842	0.720779	0.780781	0.00951023
Pf3D7_13_v3	1406105	0.75974	0.706949	0.00534689
Pf3D7_13_v3	1406131	0.217105	0.140909	0.0258938
Pf3D7_13_v3	1419448	0.707792	0.762763	0.0063247
Pf3D7_13_v3	1419503	0.188312	0.10994	0.0326096
Pf3D7_13_v3	1419519	0.441558	0.372372	0.0100333
Pf3D7_13_v3	1465099	0.123377	0.0519878	0.0434526
Pf3D7_13_v3	1465176	0.415584	0.34019	0.0125244
Pf3D7_13_v3	1465341	0.428571	0.36645	0.00629012
Pf3D7_13_v3	1465494	0.307143	0.250859	0.00560014
Pf3D7_13_v3	1465500	0.243243	0.359862	0.0413943
Pf3D7_13_v3	1465677	0.272727	0.19702	0.0177159
Pf3D7_13_v3	1465686	0.12	0.176568	0.0132964
Pf3D7_13_v3	1465688	0.12	0.175497	0.0125577
Pf3D7_13_v3	1466078	0.545455	0.488525	0.00370117
Pf3D7_13_v3	1466231	0.74026	0.812914	0.0175663
Pf3D7_13_v3	1466252	0.220779	0.273179	0.00520661
Pf3D7_13_v3	1466327	0.428571	0.342373	0.0173084
Pf3D7_13_v3	1466351	0.623377	0.538062	0.0163371
Pf3D7_13_v3	1466422	0.246753	0.146865	0.0417804
Pf3D7_13_v3	1466484	0.454545	0.403333	0.0020764
Pf3D7_13_v3	1498553	0.606667	0.532609	0.0114231
Pf3D7_13_v3	1562891	0.103896	0.0332326	0.0552427
Pf3D7_13_v3	1565364	0.625	0.700301	0.0158215
Pf3D7_13_v3	1569303	0.487013	0.359873	0.0447949
Pf3D7_13_v3	1591447	0.0530303	0.221557	0.18267
Pf3D7_13_v3	1595988	0.75974	0.688623	0.0142899
Pf3D7_13_v3	1603150	0.206667	0.277778	0.0165979
Pf3D7_13_v3	1611108	0.168831	0.0973054	0.0293547
Pf3D7_13_v3	1611299	0.103896	0.158683	0.0153517
Pf3D7_13_v3	1619394	0.909091	0.840979	0.028076
Pf3D7_13_v3	1661013	0.114865	0.0570571	0.0280721
Pf3D7_13_v3	1670479	0.282609	0.215361	0.0141099
Pf3D7_13_v3	1682933	0.9	0.844643	0.013714
Pf3D7_13_v3	1686596	0.0194805	0.0810398	0.055619
Pf3D7_13_v3	1697887	0.207792	0.142643	0.017613
Pf3D7_13_v3	1774926	0.545455	0.471471	0.011489
Pf3D7_13_v3	1827570	0.324675	0.237785	0.0223183
Pf3D7_13_v3	1833552	0.728571	0.64441	0.0211255
Pf3D7_13_v3	1858907	0.285714	0.212766	0.0122773
Pf3D7_13_v3	1884716	0.0945946	0.0209581	0.0725604
Pf3D7_13_v3	1904706	0.128788	0.0726073	0.0215137
Pf3D7_13_v3	1928096	0.0789474	0.0269461	0.0381418
Pf3D7_13_v3	1960122	0.910959	0.851351	0.0217348
Pf3D7_13_v3	1967310	0.0392157	0.103715	0.0550125
Pf3D7_13_v3	1972169	0.434211	0.383094	0.00160743
Pf3D7_13_v3	1980742	0.181818	0.109504	0.0213211
Pf3D7_13_v3	1981018	0.743243	0.811203	0.0117644
Pf3D7_13_v3	1981673	0.0909091	0.148438	0.0149703
Pf3D7_13_v3	1990375	0.0657895	0.116923	0.0193636
Pf3D7_13_v3	1995595	0.409091	0.482036	0.0115427
Pf3D7_13_v3	2015960	0.136364	0.0808383	0.0199667
Pf3D7_13_v3	2021948	0.681818	0.745509	0.00966067
Pf3D7_13_v3	2043725	0.378571	0.458841	0.0157756
Pf3D7_13_v3	2046191	0.175325	0.244409	0.0162154
Pf3D7_13_v3	2063107	0.226667	0.287425	0.00959773
Pf3D7_13_v3	2078454	0.149351	0.208084	0.013081
Pf3D7_13_v3	2087678	0.311688	0.21021	0.036417
Pf3D7_13_v3	2102434	0.583333	0.492355	0.0221955
Pf3D7_13_v3	2110966	0.733766	0.812689	0.022765
Pf3D7_13_v3	2114518	0.480519	0.532423	0.00199083
Pf3D7_13_v3	2115578	0.162338	0.0885093	0.0326421
Pf3D7_13_v3	2124328	0.162338	0.107784	0.0149929
Pf3D7_13_v3	2124676	0.551948	0.482036	0.0101055
Pf3D7_13_v3	2124825	0.25	0.181138	0.0168363
Pf3D7_13_v3	2179835	0.256579	0.368263	0.0405332
Pf3D7_13_v3	2220023	0.915584	0.97006	0.0377286
Pf3D7_13_v3	2256607	0.0584416	0.00572519	0.0541708
Pf3D7_13_v3	2300842	0.201299	0.123746	0.0273064
Pf3D7_13_v3	2302511	0.597403	0.546407	0.00254132
Pf3D7_13_v3	2324111	0.00649351	0.0600601	0.0635175
Pf3D7_13_v3	2341466	0.144737	0.22741	0.0298986
Pf3D7_13_v3	2342076	0.298701	0.187688	0.0470536
Pf3D7_13_v3	2342565	0.362319	0.437888	0.0133301
Pf3D7_13_v3	2342841	0.398551	0.454683	0.00434018
Pf3D7_13_v3	2372908	0.0194805	0.0765766	0.0500801
Pf3D7_13_v3	2374289	0.233766	0.171687	0.0131701
Pf3D7_13_v3	2381390	0.0479452	0.0988024	0.0255536
Pf3D7_13_v3	2415386	0.231884	0.332797	0.0339733
Pf3D7_13_v3	2422766	0.939189	0.886667	0.0205668
Pf3D7_13_v3	2425226	0.223684	0.171171	0.00828703
Pf3D7_13_v3	2435370	0.162338	0.225857	0.0141252
Pf3D7_13_v3	2467772	0.138889	0.0833333	0.0225186
Pf3D7_13_v3	2525214	0.24026	0.171698	0.0137422
Pf3D7_13_v3	2526475	0.149351	0.211009	0.0144274
Pf3D7_13_v3	2541529	0.0588235	0.109091	0.0214147
Pf3D7_13_v3	2569646	0.62987	0.562893	0.00835386
Pf3D7_13_v3	2575636	0.361842	0.522013	0.0733145
Pf3D7_13_v3	2576647	0.388158	0.313253	0.0138166
Pf3D7_13_v3	2606427	0.177632	0.089172	0.0467165
Pf3D7_13_v3	2640170	0.0933333	0.155963	0.0230011
Pf3D7_13_v3	2642167	0.0774648	0.142593	0.0252752
Pf3D7_13_v3	2647048	0.0779221	0.0179641	0.0558284
Pf3D7_13_v3	2651476	0.149351	0.0990991	0.0128777
Pf3D7_13_v3	2667319	0.08	0.142216	0.026758
Pf3D7_13_v3	2667325	0.0789474	0.14521	0.0303793
Pf3D7_13_v3	2668749	0.203704	0.30662	0.0419478
Pf3D7_13_v3	2690580	0.146667	0.0718563	0.0402938
Pf3D7_13_v3	2692122	0.651515	0.730422	0.0191627
Pf3D7_13_v3	2706928	0.155844	0.103916	0.0127653
Pf3D7_13_v3	2728906	0.0909091	0.0404192	0.0265738
Pf3D7_13_v3	2734599	0.766234	0.836397	0.0159534
Pf3D7_13_v3	2735663	0.715385	0.768293	0.0060978
Pf3D7_14_v3	41328	0.830882	0.892308	0.0200957
Pf3D7_14_v3	48951	0.0974026	0.0332326	0.0468545
Pf3D7_14_v3	75894	0.73913	0.809668	0.017971
Pf3D7_14_v3	106972	0.331169	0.420659	0.021501
Pf3D7_14_v3	107014	0.603896	0.549401	0.00388599
Pf3D7_14_v3	112128	0.0704225	0.137879	0.0344026
Pf3D7_14_v3	161821	0.363636	0.420659	0.0051915
Pf3D7_14_v3	164833	0.12987	0.0795796	0.0159838
Pf3D7_14_v3	165154	0.223684	0.162162	0.0135382
Pf3D7_14_v3	201791	0.594595	0.691265	0.0271224
Pf3D7_14_v3	271457	0.146667	0.0757576	0.0346437
Pf3D7_14_v3	271574	0.227273	0.165644	0.0133188
Pf3D7_14_v3	279666	0.012987	0.0645646	0.0508801
Pf3D7_14_v3	288315	0.0410959	0.110592	0.0484487
Pf3D7_14_v3	303046	0.149351	0.273952	0.0671104
Pf3D7_14_v3	336220	0.480519	0.399096	0.0157217
Pf3D7_14_v3	336256	0.142857	0.0703593	0.0380599
Pf3D7_14_v3	339650	0.331169	0.405689	0.013764
Pf3D7_14_v3	365716	0.62987	0.558383	0.011035
Pf3D7_14_v3	371613	0.0519481	0.14521	0.0702749
Pf3D7_14_v3	377103	0.65873	0.806061	0.0894015
Pf3D7_14_v3	377819	0.726027	0.787879	0.0111349
Pf3D7_14_v3	407424	0.24026	0.18125	0.0105384
Pf3D7_14_v3	407610	0.305195	0.227692	0.0181401
Pf3D7_14_v3	413421	0.324675	0.270548	0.0047265
Pf3D7_14_v3	413424	0.331169	0.270548	0.0072457
Pf3D7_14_v3	421792	0.551948	0.47541	0.0119374
Pf3D7_14_v3	439454	0.415584	0.528443	0.0347966
Pf3D7_14_v3	442134	0.318182	0.390432	0.012233
Pf3D7_14_v3	444330	0.145833	0.23503	0.0365196
Pf3D7_14_v3	475506	0.0789474	0.182229	0.067708
Pf3D7_14_v3	495491	0.493506	0.419048	0.0116404
Pf3D7_14_v3	504067	0.0677966	0.122291	0.0244117
Pf3D7_14_v3	522058	0.921569	0.97327	0.0440174
Pf3D7_14_v3	522062	0.923077	0.977918	0.0531213
Pf3D7_14_v3	535679	0.0608108	0.134441	0.043054
Pf3D7_14_v3	539290	0.11039	0.0538922	0.0279748
Pf3D7_14_v3	602104	0.328947	0.232036	0.0317009
Pf3D7_14_v3	602114	0.276316	0.194611	0.0240809
Pf3D7_14_v3	619274	0.175325	0.0838323	0.0526476
Pf3D7_14_v3	643937	0.0135135	0.0649547	0.0504753
Pf3D7_14_v3	675777	0.37013	0.318367	0.00130457
Pf3D7_14_v3	683666	0.266234	0.208589	0.00883477
Pf3D7_14_v3	762777	0.402597	0.460606	0.0049976
Pf3D7_14_v3	771541	0.590909	0.538591	0.00202464
Pf3D7_14_v3	808765	0.038961	0.0932722	0.0317637
Pf3D7_14_v3	824289	0.25	0.196375	0.00737949
Pf3D7_14_v3	832594	0.0974026	0.0232198	0.068234
Pf3D7_14_v3	836620	0.324675	0.267267	0.00673581
Pf3D7_14_v3	848500	0.590909	0.538462	0.00220706
Pf3D7_14_v3	868461	0.698529	0.765337	0.0127268
Pf3D7_14_v3	877484	0.279661	0.361027	0.0214107
Pf3D7_14_v3	877714	0.284722	0.211712	0.017708
Pf3D7_14_v3	901969	0.173333	0.110429	0.0201937
Pf3D7_14_v3	904091	0.381944	0.437879	0.00431253
Pf3D7_14_v3	907527	0.337662	0.405689	0.0101498
Pf3D7_14_v3	911819	0.448052	0.392283	0.00362681
Pf3D7_14_v3	914115	0.214286	0.129969	0.0336567
Pf3D7_14_v3	945185	0.135135	0.215361	0.0302347
Pf3D7_14_v3	951411	0.850649	0.913174	0.0244662
Pf3D7_14_v3	951534	0.769841	0.823795	0.00920065
Pf3D7_14_v3	1034024	0.412162	0.315868	0.0270104
Pf3D7_14_v3	1034851	0.901316	0.830838	0.0284578
Pf3D7_14_v3	1038377	0.328947	0.248476	0.0191271
Pf3D7_14_v3	1106139	0.328947	0.271772	0.00631344
Pf3D7_14_v3	1151944	0.223684	0.173252	0.00601479
Pf3D7_14_v3	1157294	0.902597	0.850299	0.0139173
Pf3D7_14_v3	1162559	0.0266667	0.0833333	0.0396299
Pf3D7_14_v3	1166314	0.38961	0.492236	0.0273446
Pf3D7_14_v3	1171305	0.461039	0.512232	0.00209497
Pf3D7_14_v3	1171335	0.383117	0.457055	0.0117845
Pf3D7_14_v3	1171344	0.435065	0.512346	0.0127717
Pf3D7_14_v3	1173363	0.194805	0.110092	0.0378013
Pf3D7_14_v3	1203801	0.103896	0.0307692	0.0593991
Pf3D7_14_v3	1264076	0.00657895	0.0703593	0.0798613
Pf3D7_14_v3	1272402	0.935065	0.883387	0.0188766
Pf3D7_14_v3	1332746	0.294521	0.206949	0.0272188
Pf3D7_14_v3	1351948	0.194805	0.128814	0.0181756
Pf3D7_14_v3	1362090	0.409091	0.358859	0.00283255
Pf3D7_14_v3	1387498	0.12	0.0678233	0.018496
Pf3D7_14_v3	1390542	0.922535	0.97741	0.0460314
Pf3D7_14_v3	1438616	0.292208	0.207951	0.0236689
Pf3D7_14_v3	1452674	0.16	0.106287	0.0141039
Pf3D7_14_v3	1524250	0.802632	0.864062	0.0149828
Pf3D7_14_v3	1550691	0.87013	0.806886	0.0178795
Pf3D7_14_v3	1552181	0.246753	0.178144	0.0164542
Pf3D7_14_v3	1553266	0.593333	0.679758	0.0199618
Pf3D7_14_v3	1562642	0.181818	0.247006	0.0141776
Pf3D7_14_v3	1587205	0.214286	0.147727	0.0142725
Pf3D7_14_v3	1648942	0.038961	0.0918675	0.0303846
Pf3D7_14_v3	1661325	0.655844	0.73503	0.0177363
Pf3D7_14_v3	1666117	0.361842	0.456587	0.023947
Pf3D7_14_v3	1669663	0.0625	0.128012	0.0356726
Pf3D7_14_v3	1688259	0.0974026	0.0434132	0.0297465
Pf3D7_14_v3	1688373	0.0844156	0.015015	0.0726491
Pf3D7_14_v3	1748662	0.253247	0.349544	0.0284799
Pf3D7_14_v3	1770207	0.694805	0.76497	0.0143545
Pf3D7_14_v3	1812953	0.116883	0.0607287	0.0189929
Pf3D7_14_v3	1819017	0.842105	0.722973	0.0557691
Pf3D7_14_v3	1819850	0.0779221	0.165323	0.0417173
Pf3D7_14_v3	1823998	0.0522388	0.137195	0.0643964
Pf3D7_14_v3	1854261	0.207792	0.150621	0.0114204
Pf3D7_14_v3	1921526	0.618421	0.55287	0.00845402
Pf3D7_14_v3	1921536	0.611842	0.554545	0.00502165
Pf3D7_14_v3	1948961	0.012987	0.0636943	0.0470636
Pf3D7_14_v3	1956202	0.603896	0.49848	0.0297364
Pf3D7_14_v3	1956408	0.779221	0.63142	0.0753665
Pf3D7_14_v3	1957053	0.918919	0.86036	0.0222152
Pf3D7_14_v3	1984927	0.25974	0.170695	0.0312528
Pf3D7_14_v3	1992095	0.454545	0.388365	0.00765836
Pf3D7_14_v3	1992928	0.155844	0.211009	0.00980434
Pf3D7_14_v3	2004740	0.227273	0.158683	0.018583
Pf3D7_14_v3	2022712	0.285714	0.171617	0.0492038
Pf3D7_14_v3	2032299	0.0214286	0.0843373	0.0593937
Pf3D7_14_v3	2040909	0.901316	0.964072	0.0435115
Pf3D7_14_v3	2085628	0.155844	0.0950156	0.0201755
Pf3D7_14_v3	2128849	0.768657	0.845921	0.0263929
Pf3D7_14_v3	2129480	0.162338	0.105422	0.0161869
Pf3D7_14_v3	2151020	0.304054	0.381024	0.0152196
Pf3D7_14_v3	2159328	0.0197368	0.0808383	0.0559672
Pf3D7_14_v3	2162323	0.0460526	0.10479	0.0337993
Pf3D7_14_v3	2174359	0.0974026	0.0359281	0.0418258
Pf3D7_14_v3	2180978	0	0.0668693	0.117113
Pf3D7_14_v3	2210901	0.0779221	0.134146	0.0164452
Pf3D7_14_v3	2255849	0.0733333	0.0179641	0.0517621
Pf3D7_14_v3	2260617	0.227273	0.290663	0.0107079
Pf3D7_14_v3	2260647	0.577922	0.713213	0.0568207
Pf3D7_14_v3	2261059	0.103896	0.0538922	0.0218425
Pf3D7_14_v3	2296880	0.24026	0.188623	0.00659055
Pf3D7_14_v3	2321319	0.142857	0.0795796	0.0269838
Pf3D7_14_v3	2356431	0.123377	0.182724	0.0148402
Pf3D7_14_v3	2370965	0.125	0.0718563	0.0196515
Pf3D7_14_v3	2376061	0.230263	0.146707	0.0304964
Pf3D7_14_v3	2398676	0.116883	0.0501567	0.0390698
Pf3D7_14_v3	2406952	0.586667	0.645646	0.00574843
Pf3D7_14_v3	2428984	0.18	0.25	0.0174381
Pf3D7_14_v3	2479191	0.206667	0.256757	0.00553193
Pf3D7_14_v3	2493622	0.471014	0.554217	0.0170311
Pf3D7_14_v3	2559751	0.454545	0.525597	0.00871747
Pf3D7_14_v3	2603362	0.12	0.170659	0.010873
Pf3D7_14_v3	2610899	0.188312	0.100299	0.0441034
Pf3D7_14_v3	2611706	0.831169	0.888889	0.0163675
Pf3D7_14_v3	2612645	0.12987	0.197635	0.0185262
Pf3D7_14_v3	2613794	0.0649351	0.0114504	0.0465564
Pf3D7_14_v3	2657342	0.351562	0.266254	0.0230772
Pf3D7_14_v3	2668129	0.118421	0.0629252	0.0214658
Pf3D7_14_v3	2671772	0.328947	0.428571	0.0231726
Pf3D7_14_v3	2672397	0.144737	0.227273	0.026398
Pf3D7_14_v3	2681520	0.168831	0.110169	0.012751
Pf3D7_14_v3	2695875	0.292208	0.208709	0.0236073
Pf3D7_14_v3	2711549	0.214286	0.139381	0.0185754
Pf3D7_14_v3	2715129	0.564935	0.649701	0.0184723
Pf3D7_14_v3	2733494	0.298701	0.216387	0.016995
Pf3D7_14_v3	2733656	0.714286	0.56405	0.0579698
Pf3D7_14_v3	2755887	0.409091	0.301056	0.030657
Pf3D7_14_v3	2775038	0.454545	0.376161	0.0138561
Pf3D7_14_v3	2792758	0.480519	0.564565	0.0167176
Pf3D7_14_v3	2853831	0.025974	0.0769231	0.0356816
Pf3D7_14_v3	2857426	0.567164	0.647147	0.0167907
Pf3D7_14_v3	2919382	0	0.117117	0.175922
Pf3D7_14_v3	2929017	0.24026	0.178571	0.00873005
Pf3D7_14_v3	2948076	0.142857	0.091195	0.0138004
Pf3D7_14_v3	2951640	0.227273	0.294833	0.0127205
Pf3D7_14_v3	2954801	0.766234	0.828829	0.013658
Pf3D7_14_v3	3002194	0.123377	0.173653	0.0101137
Pf3D7_14_v3	3014048	0.61039	0.674699	0.00548428
Pf3D7_14_v3	3044236	0.780822	0.84697	0.0176192
Pf3D7_14_v3	3044871	0.269737	0.218182	0.00528184
Pf3D7_14_v3	3078667	0.146667	0.0853293	0.0231683
Pf3D7_14_v3	3087492	0.313333	0.255255	0.00772015
Pf3D7_14_v3	3121141	0.207792	0.155556	0.00827856
Pf3D7_14_v3	3121436	0.168831	0.24	0.0183136
Pf3D7_14_v3	3121513	0.0779221	0.130699	0.017966
Pf3D7_14_v3	3121601	0.506494	0.410377	0.0227844
Pf3D7_14_v3	3121804	0.142857	0.0915033	0.0130549
Pf3D7_14_v3	3131379	0.103896	0.154192	0.0118966
Pf3D7_14_v3	3131605	0.185714	0.241742	0.00949015
Pf3D7_14_v3	3189430	0.43662	0.495066	0.00448284
Pf3D7_14_v3	3193558	0.61039	0.549645	0.00451523
Pf3D7_14_v3	3193676	0.22973	0.315603	0.0215345
Pf3D7_14_v3	3193685	0.222973	0.305455	0.0193603
Pf3D7_14_v3	3193695	0.216216	0.308394	0.0258315
Pf3D7_14_v3	3193696	0.216216	0.306569	0.0246813
Pf3D7_14_v3	3193703	0.212329	0.304029	0.02592
Pf3D7_14_v3	3193706	0.212329	0.300366	0.0235681
Pf3D7_14_v3	3216443	0.0921053	0.177177	0.0436273
Pf3D7_14_v3	3216512	0.357143	0.287425	0.011948
Pf3D7_14_v3	3249059	0.0410959	0.0943114	0.0312971
Pf3D7_14_v3	3255607	0.662338	0.747788	0.0160131
