Pf3D7_01_v3	98866	0.279221	0.348057	0.0130595
Pf3D7_01_v3	119966	0.0194805	0.0739437	0.0422089
Pf3D7_01_v3	119985	0.0194805	0.0739437	0.0420519
Pf3D7_01_v3	124868	0.12987	0.0721831	0.0209013
Pf3D7_01_v3	130339	0.785714	0.68838	0.0294917
Pf3D7_01_v3	137258	0.84058	0.753676	0.0283713
Pf3D7_01_v3	144877	0.551948	0.489437	0.00576628
Pf3D7_01_v3	145560	0.440789	0.385563	0.00336504
Pf3D7_01_v3	155895	0.636364	0.687279	0.0021642
Pf3D7_01_v3	158952	0.0394737	0.10424	0.0400019
Pf3D7_01_v3	161865	0.36	0.279152	0.0159322
Pf3D7_01_v3	162981	0.636364	0.734982	0.026969
Pf3D7_01_v3	163080	0.253247	0.195423	0.00837751
Pf3D7_01_v3	163145	0.428571	0.521127	0.0192485
Pf3D7_01_v3	165214	0.418919	0.480565	0.00479279
Pf3D7_01_v3	165588	0.555556	0.648214	0.0201955
Pf3D7_01_v3	167899	0.405797	0.464789	0.004017
Pf3D7_01_v3	178094	0.424242	0.321561	0.0272352
Pf3D7_01_v3	179265	0.335616	0.40636	0.00958742
Pf3D7_01_v3	179952	0.37013	0.278169	0.0222476
Pf3D7_01_v3	179969	0.603896	0.674296	0.0100271
Pf3D7_01_v3	180034	0.779221	0.859155	0.0252688
Pf3D7_01_v3	180054	0.181818	0.274648	0.0297339
Pf3D7_01_v3	180071	0.428571	0.378092	0.00144516
Pf3D7_01_v3	180170	0.375	0.471831	0.0222108
Pf3D7_01_v3	180174	0.348684	0.463028	0.0336608
Pf3D7_01_v3	180175	0.348684	0.463028	0.0336608
Pf3D7_01_v3	180181	0.348684	0.461268	0.0324833
Pf3D7_01_v3	180186	0.736486	0.838028	0.0392421
Pf3D7_01_v3	180192	0.28	0.357394	0.0144354
Pf3D7_01_v3	190739	0.292208	0.357394	0.00786366
Pf3D7_01_v3	193667	0.493506	0.596831	0.0251874
Pf3D7_01_v3	205066	0.253247	0.373239	0.0424595
Pf3D7_01_v3	207736	0.266234	0.211268	0.0062636
Pf3D7_01_v3	239972	0.727273	0.612676	0.0367129
Pf3D7_01_v3	267467	0.227273	0.139085	0.0320679
Pf3D7_01_v3	275799	0	0.0514184	0.0681526
Pf3D7_01_v3	281975	0.266234	0.316901	0.00283553
Pf3D7_01_v3	299081	0.00757576	0.0583942	0.0560647
Pf3D7_01_v3	309042	0.201299	0.262324	0.0089351
Pf3D7_01_v3	332415	0.168831	0.0721831	0.0567839
Pf3D7_01_v3	349253	0.233766	0.181338	0.00611481
Pf3D7_01_v3	349536	0.00724638	0.174905	0.213891
Pf3D7_01_v3	374504	0.393333	0.522968	0.0430243
Pf3D7_01_v3	384985	0.147059	0.223827	0.0235889
Pf3D7_01_v3	469122	0.00649351	0.0580986	0.0544295
Pf3D7_01_v3	487057	0.435065	0.521201	0.0154243
Pf3D7_01_v3	495342	0.16	0.21831	0.0100935
Pf3D7_01_v3	495649	0.532468	0.415493	0.0337877
Pf3D7_01_v3	495698	0.38961	0.334507	0.00358818
Pf3D7_01_v3	495709	0.37013	0.318662	0.00262928
Pf3D7_01_v3	495747	0.38961	0.332746	0.0040395
Pf3D7_01_v3	497317	0.207792	0.147887	0.0117867
Pf3D7_01_v3	499500	0.223684	0.371479	0.0687436
Pf3D7_01_v3	499530	0.311688	0.382979	0.0100538
Pf3D7_01_v3	499969	0.532468	0.640845	0.0293642
Pf3D7_01_v3	501421	0.305195	0.230634	0.0147146
Pf3D7_01_v3	527113	0.181818	0.131206	0.00812657
Pf3D7_01_v3	528069	0.480519	0.408451	0.00953941
Pf3D7_01_v3	528238	0.331169	0.413732	0.015314
Pf3D7_01_v3	528354	0.480519	0.544014	0.00569042
Pf3D7_01_v3	528983	0.142857	0.195423	0.00819362
Pf3D7_01_v3	534777	0.125	0.305054	0.135926
Pf3D7_01_v3	535211	0.837662	0.783451	0.00750242
Pf3D7_01_v3	535884	0.434211	0.521127	0.0161636
Pf3D7_01_v3	536106	0.194805	0.306338	0.0418365
Pf3D7_01_v3	536113	0.701299	0.794014	0.0269777
Pf3D7_01_v3	536150	0.155844	0.271127	0.0508446
Pf3D7_01_v3	536302	0.0723684	0.132509	0.0227346
Pf3D7_01_v3	558230	0.354167	0.291815	0.00656404
Pf3D7_01_v3	558242	0.0855263	0.155477	0.0276007
Pf3D7_01_v3	558245	0.253425	0.329225	0.0144877
Pf3D7_01_v3	558256	0.232877	0.320423	0.0224132
Pf3D7_01_v3	558278	0.195946	0.308099	0.0430443
Pf3D7_01_v3	569595	0.407895	0.501852	0.0192784
Pf3D7_02_v3	109659	0.243243	0.308929	0.00980044
Pf3D7_02_v3	158568	0.448052	0.512324	0.00591563
Pf3D7_02_v3	166372	0.289474	0.357394	0.00940554
Pf3D7_02_v3	199406	0.766234	0.714789	0.00419301
Pf3D7_02_v3	207266	0.746753	0.80742	0.00943392
Pf3D7_02_v3	213574	0.11039	0.040493	0.0442998
Pf3D7_02_v3	222175	0.86	0.798587	0.0133337
Pf3D7_02_v3	277675	0.363636	0.290493	0.0119089
Pf3D7_02_v3	278302	0.103896	0.0459364	0.0288972
Pf3D7_02_v3	290589	0.409091	0.279152	0.048137
Pf3D7_02_v3	290673	0.253247	0.348592	0.025773
Pf3D7_02_v3	323022	0.136364	0.193662	0.0114184
Pf3D7_02_v3	382789	0.0454545	0.096831	0.0230885
Pf3D7_02_v3	414616	0.493506	0.554577	0.00490554
Pf3D7_02_v3	415166	0.350649	0.401408	0.00181206
Pf3D7_02_v3	427933	0.0584416	0.121479	0.0289948
Pf3D7_02_v3	438323	0.5	0.438163	0.00494696
Pf3D7_02_v3	470675	0.5	0.434859	0.00616009
Pf3D7_02_v3	472093	0.162338	0.0827465	0.0366911
Pf3D7_02_v3	499282	0.155844	0.0989399	0.0147498
Pf3D7_02_v3	501530	0.710145	0.780142	0.0129277
Pf3D7_02_v3	503169	0.61039	0.494718	0.0334073
Pf3D7_02_v3	503292	0.480519	0.633803	0.062129
Pf3D7_02_v3	503316	0.344156	0.25	0.0251062
Pf3D7_02_v3	506635	0.0974026	0.147887	0.011181
Pf3D7_02_v3	516865	0.188312	0.25	0.00987229
Pf3D7_02_v3	517408	0.16	0.224014	0.0131616
Pf3D7_02_v3	518117	0.344156	0.27993	0.00808792
Pf3D7_02_v3	518118	0.344156	0.27993	0.00808792
Pf3D7_02_v3	519457	0.697368	0.628521	0.00927424
Pf3D7_02_v3	550704	0.405405	0.321555	0.0160936
Pf3D7_02_v3	558953	0.253247	0.18662	0.012484
Pf3D7_02_v3	559329	0.168831	0.107394	0.0168726
Pf3D7_02_v3	605425	0.119718	0.185252	0.0189505
Pf3D7_02_v3	619131	0.331169	0.272887	0.00554647
Pf3D7_02_v3	630150	0.0844156	0.135563	0.0126475
Pf3D7_02_v3	630545	0.0779221	0.135563	0.0187428
Pf3D7_02_v3	666391	0.179688	0.229779	0.00512825
Pf3D7_02_v3	671972	0.798611	0.737676	0.00944781
Pf3D7_02_v3	703541	0.643836	0.563604	0.0138022
Pf3D7_02_v3	703636	0.273333	0.213028	0.00815677
Pf3D7_02_v3	705904	0.223684	0.167845	0.00785512
Pf3D7_02_v3	712208	0.0789474	0.128975	0.0130715
Pf3D7_02_v3	759265	0.19863	0.146953	0.00762762
Pf3D7_02_v3	774891	0.785714	0.846863	0.0126935
Pf3D7_02_v3	781107	0.0194805	0.0739437	0.0425227
Pf3D7_02_v3	792272	0.37013	0.440141	0.00899473
Pf3D7_02_v3	805001	0.506494	0.558099	0.0017999
Pf3D7_02_v3	805888	0.12987	0.195423	0.016915
Pf3D7_02_v3	834211	0.149351	0.0791367	0.028675
Pf3D7_02_v3	834216	0.149351	0.0809353	0.0267277
Pf3D7_02_v3	834663	0.24026	0.167857	0.0171244
Pf3D7_02_v3	839251	0.506494	0.579787	0.00959658
Pf3D7_02_v3	839364	0.448052	0.514184	0.00705865
Pf3D7_02_v3	839367	0.448052	0.514184	0.00705865
Pf3D7_02_v3	839370	0.448052	0.514184	0.00705865
Pf3D7_02_v3	839377	0.448052	0.514184	0.00705865
Pf3D7_02_v3	840040	0.651316	0.812721	0.087414
Pf3D7_02_v3	842691	0.422078	0.315603	0.0292652
Pf3D7_02_v3	843180	0.0902778	0.143617	0.0145702
Pf3D7_02_v3	843185	0.0902778	0.154255	0.0225329
Pf3D7_02_v3	843199	0	0.0804598	0.113155
Pf3D7_02_v3	848538	0.513514	0.5875	0.0104627
Pf3D7_02_v3	848573	0.533784	0.583929	0.00167471
Pf3D7_02_v3	848708	0.513889	0.589286	0.0112447
Pf3D7_02_v3	848947	0.416667	0.548736	0.050062
Pf3D7_02_v3	848964	0.409836	0.552347	0.058564
Pf3D7_02_v3	848977	0.403226	0.552347	0.063961
Pf3D7_02_v3	848979	0.403226	0.548736	0.06072
Pf3D7_02_v3	848988	0.384615	0.548561	0.0762871
Pf3D7_02_v3	848999	0.383333	0.453704	0.00642659
Pf3D7_02_v3	849001	0.383333	0.453704	0.00642659
Pf3D7_02_v3	855467	0.227273	0.321555	0.0262185
Pf3D7_02_v3	855562	0.201299	0.282686	0.0201723
Pf3D7_02_v3	855632	0.149351	0.274823	0.0609184
Pf3D7_02_v3	855655	0.136364	0.242908	0.0471193
Pf3D7_02_v3	855656	0.136364	0.242908	0.0471193
Pf3D7_02_v3	855665	0.210526	0.301418	0.0255731
Pf3D7_02_v3	855686	0.289474	0.347518	0.00549695
Pf3D7_03_v3	71899	0.428571	0.496416	0.00719952
Pf3D7_03_v3	85825	0.447368	0.526596	0.0120741
Pf3D7_03_v3	85867	0.440789	0.523132	0.0135366
Pf3D7_03_v3	140582	0.142857	0.218861	0.0229837
Pf3D7_03_v3	142239	0.142857	0.246479	0.0432641
Pf3D7_03_v3	143071	0.876623	0.825088	0.00956993
Pf3D7_03_v3	143613	0.0974026	0.169014	0.0264552
Pf3D7_03_v3	175238	0.0519481	0.123239	0.0398068
Pf3D7_03_v3	213800	0.5	0.566901	0.0072163
Pf3D7_03_v3	221547	0.289474	0.382042	0.0222808
Pf3D7_03_v3	221577	0.398649	0.452465	0.00255183
Pf3D7_03_v3	224779	0.188312	0.0880282	0.0548508
Pf3D7_03_v3	282671	0.188312	0.0933099	0.047105
Pf3D7_03_v3	302963	0.36	0.29682	0.00726431
Pf3D7_03_v3	350173	0.422078	0.498239	0.0110537
Pf3D7_03_v3	356505	0.207792	0.267606	0.0085403
Pf3D7_03_v3	358276	0.201299	0.306338	0.036102
Pf3D7_03_v3	358370	0.266234	0.40669	0.0572171
Pf3D7_03_v3	360119	0.415584	0.35689	0.00453941
Pf3D7_03_v3	360412	0.266234	0.34331	0.0148091
Pf3D7_03_v3	362531	0.0844156	0.140845	0.0171591
Pf3D7_03_v3	365946	0.677632	0.776408	0.0298974
Pf3D7_03_v3	366387	0.103896	0.0387324	0.0401768
Pf3D7_03_v3	383140	0.0789474	0.133803	0.0173139
Pf3D7_03_v3	409300	0.0714286	0.0176056	0.0426958
Pf3D7_03_v3	414983	0.305195	0.35689	0.00277465
Pf3D7_03_v3	453112	0.116883	0.0475352	0.0398418
Pf3D7_03_v3	467278	0.0454545	0.0985915	0.0248887
Pf3D7_03_v3	472007	0.454545	0.505282	0.00151822
Pf3D7_03_v3	478889	0.12987	0.0530035	0.0450553
Pf3D7_03_v3	500855	0.331169	0.251761	0.0163899
Pf3D7_03_v3	501455	0.485714	0.536122	0.000726359
Pf3D7_03_v3	501876	0.368421	0.310284	0.00446504
Pf3D7_03_v3	507008	0.40411	0.352313	0.00192405
Pf3D7_03_v3	549921	0.0324675	0.100352	0.0475765
Pf3D7_03_v3	553643	0.491935	0.553903	0.00463409
Pf3D7_03_v3	565085	0.438356	0.565603	0.0416855
Pf3D7_03_v3	674515	0.06	0.147687	0.0540606
Pf3D7_03_v3	679453	0.668831	0.727758	0.00542948
Pf3D7_03_v3	717690	0.358108	0.447183	0.0180801
Pf3D7_03_v3	717928	0.435065	0.371025	0.00616894
Pf3D7_03_v3	730277	0.0779221	0.161972	0.0422984
Pf3D7_03_v3	865666	0.0378788	0.115809	0.0583141
Pf3D7_03_v3	882386	0.103896	0.162544	0.0154236
Pf3D7_03_v3	883928	0.04	0.133803	0.0734346
Pf3D7_03_v3	887819	0.661765	0.601449	0.00495506
Pf3D7_03_v3	887933	0.11194	0.185185	0.0258326
Pf3D7_03_v3	888900	0.309859	0.4125	0.0284788
Pf3D7_03_v3	890268	0.328767	0.411552	0.0157091
Pf3D7_03_v3	891679	0.655844	0.56162	0.0214793
Pf3D7_03_v3	891702	0.74026	0.672535	0.0103424
Pf3D7_03_v3	892045	0.574627	0.640511	0.00706884
Pf3D7_03_v3	892443	0.298387	0.487589	0.109552
Pf3D7_03_v3	907766	0.357143	0.424296	0.00765282
Pf3D7_03_v3	916639	0.681818	0.799296	0.0457039
Pf3D7_03_v3	925302	0.0649351	0.116197	0.0169325
Pf3D7_03_v3	955684	0.181818	0.128975	0.00949954
Pf3D7_03_v3	958132	0.257353	0.3213	0.00855477
Pf3D7_03_v3	974429	0.116883	0.0598592	0.0235541
Pf3D7_04_v3	103987	0.779221	0.702465	0.0160359
Pf3D7_04_v3	103990	0.564935	0.440141	0.0389471
Pf3D7_04_v3	104020	0.285714	0.340989	0.00440301
Pf3D7_04_v3	109408	0.0974026	0.151408	0.0133576
Pf3D7_04_v3	110012	0.538961	0.443662	0.020527
Pf3D7_04_v3	110013	0.720779	0.626761	0.0233405
Pf3D7_04_v3	110821	0.272727	0.204225	0.012868
Pf3D7_04_v3	124690	0.538961	0.478799	0.00474907
Pf3D7_04_v3	138308	0.525974	0.443662	0.0137103
Pf3D7_04_v3	138491	0.34	0.407473	0.00788049
Pf3D7_04_v3	140510	0.538961	0.591549	0.00209245
Pf3D7_04_v3	140930	0.558442	0.487676	0.00877479
Pf3D7_04_v3	147659	0.720779	0.808099	0.0247756
Pf3D7_04_v3	147740	0.162338	0.232394	0.0162854
Pf3D7_04_v3	186753	0.81746	0.886525	0.0241194
Pf3D7_04_v3	221401	0.175325	0.117958	0.0130765
Pf3D7_04_v3	236244	0.82	0.895018	0.0272422
Pf3D7_04_v3	240931	0.508333	0.449627	0.00334302
Pf3D7_04_v3	261971	0.108696	0.191901	0.0350708
Pf3D7_04_v3	282524	0.366197	0.418728	0.00213049
Pf3D7_04_v3	283433	0.0921053	0.165493	0.0295015
Pf3D7_04_v3	283826	0.772727	0.869718	0.0405318
Pf3D7_04_v3	284311	0.694805	0.637324	0.00444812
Pf3D7_04_v3	285807	0.298701	0.371479	0.011403
Pf3D7_04_v3	287288	0.136364	0.0792254	0.0183406
Pf3D7_04_v3	287297	0.136364	0.0827465	0.0150558
Pf3D7_04_v3	287310	0.833333	0.653169	0.112868
Pf3D7_04_v3	300851	0.331169	0.253521	0.0149459
Pf3D7_04_v3	354536	0.123377	0.183099	0.0139091
Pf3D7_04_v3	356566	0.138158	0.232394	0.0368212
Pf3D7_04_v3	389962	0.746753	0.802491	0.00735164
Pf3D7_04_v3	390448	0.0519481	0.121479	0.0382147
Pf3D7_04_v3	397543	0.198529	0.117216	0.0312961
Pf3D7_04_v3	418411	0.324324	0.401786	0.0129229
Pf3D7_04_v3	420049	0.375	0.279736	0.0238723
Pf3D7_04_v3	424664	0.11039	0.056338	0.021108
Pf3D7_04_v3	433645	0.15	0.0865724	0.0229882
Pf3D7_04_v3	435101	0.123377	0.18662	0.0164324
Pf3D7_04_v3	443592	0.115942	0.177305	0.0168535
Pf3D7_04_v3	443633	0.0571429	0.148936	0.0619677
Pf3D7_04_v3	443634	0.0571429	0.148936	0.0619677
Pf3D7_04_v3	443641	0.0571429	0.150709	0.0640363
Pf3D7_04_v3	462711	0.309211	0.368327	0.00535938
Pf3D7_04_v3	487211	0.779221	0.709507	0.0127554
Pf3D7_04_v3	516211	0.116883	0.0510563	0.035236
Pf3D7_04_v3	520214	0.143836	0.2	0.0100785
Pf3D7_04_v3	529482	0.012987	0.0939716	0.0847669
Pf3D7_04_v3	530027	0.16	0.22007	0.0110249
Pf3D7_04_v3	531138	0.642857	0.705986	0.00697898
Pf3D7_04_v3	538252	0.0974026	0.0335689	0.0412707
Pf3D7_04_v3	538971	0.0666667	0.150206	0.0465104
Pf3D7_04_v3	541844	0.356164	0.413428	0.00394483
Pf3D7_04_v3	541856	0.354167	0.422261	0.00836265
Pf3D7_04_v3	543724	0.220779	0.272085	0.00390353
Pf3D7_04_v3	544062	0.0675676	0.127208	0.0234747
Pf3D7_04_v3	544673	0.324675	0.262324	0.00730743
Pf3D7_04_v3	544744	0.177632	0.227915	0.00517285
Pf3D7_04_v3	544797	0.720779	0.77993	0.00726969
Pf3D7_04_v3	625730	0.116883	0.191901	0.0251661
Pf3D7_04_v3	634487	0.253333	0.335106	0.0174783
Pf3D7_04_v3	635170	0.668831	0.75	0.016972
Pf3D7_04_v3	636448	0.52027	0.607394	0.0165625
Pf3D7_04_v3	637146	0.201299	0.140845	0.0126354
Pf3D7_04_v3	650240	0.125	0.0678571	0.0226881
Pf3D7_04_v3	659167	0.662338	0.602473	0.00516431
Pf3D7_04_v3	662504	0.203947	0.150177	0.00804065
Pf3D7_04_v3	679043	0.144737	0.208481	0.014344
Pf3D7_04_v3	683801	0.0519481	0.103873	0.0211051
Pf3D7_04_v3	683888	0.935065	0.883803	0.0171066
Pf3D7_04_v3	738775	0.454545	0.545775	0.0180774
Pf3D7_04_v3	748239	0.460526	0.603873	0.0537466
Pf3D7_04_v3	748262	0.493506	0.644366	0.0602786
Pf3D7_04_v3	757119	0.423611	0.58156	0.0669065
Pf3D7_04_v3	757353	0.150685	0.0387324	0.0984899
Pf3D7_04_v3	763069	0.441558	0.508803	0.00684799
Pf3D7_04_v3	765991	0.41791	0.491103	0.00998314
Pf3D7_04_v3	766723	0.421053	0.512324	0.0182501
Pf3D7_04_v3	773196	0.220779	0.298587	0.016947
Pf3D7_04_v3	775809	0.246753	0.336268	0.0222224
Pf3D7_04_v3	781969	0.14	0.212014	0.0200862
Pf3D7_04_v3	788817	0.0909091	0.170775	0.0344847
Pf3D7_04_v3	792225	0.311688	0.197183	0.0436929
Pf3D7_04_v3	792236	0.564935	0.644366	0.0128345
Pf3D7_04_v3	792876	0.118421	0.0660714	0.016853
Pf3D7_04_v3	794319	0.558442	0.713028	0.0676121
Pf3D7_04_v3	794321	0.558442	0.713028	0.0676121
Pf3D7_04_v3	796416	0.193333	0.312057	0.0478642
Pf3D7_04_v3	796423	0.195946	0.312057	0.0457207
Pf3D7_04_v3	797301	0.714286	0.65493	0.00576634
Pf3D7_04_v3	812994	0.217105	0.27993	0.00947682
Pf3D7_04_v3	831954	0.708333	0.777574	0.0124506
Pf3D7_04_v3	836817	0.149351	0.21831	0.0168808
Pf3D7_04_v3	839310	0.756757	0.676056	0.0172988
Pf3D7_04_v3	841884	0.305195	0.371479	0.00848927
Pf3D7_04_v3	850002	0.586538	0.662791	0.0123477
Pf3D7_04_v3	859399	0.0723684	0.125442	0.0169311
Pf3D7_04_v3	863381	0.318182	0.494718	0.084775
Pf3D7_04_v3	865912	0.0855263	0.141844	0.0168158
Pf3D7_04_v3	879682	0.0925926	0.25813	0.13621
Pf3D7_04_v3	881382	0.415584	0.349823	0.00718757
Pf3D7_04_v3	883380	0.166667	0.227599	0.0103459
Pf3D7_04_v3	884404	0.0909091	0.00706714	0.098004
Pf3D7_04_v3	884927	0.217105	0.163732	0.00742237
Pf3D7_04_v3	886511	0.541096	0.625	0.0153886
Pf3D7_04_v3	887844	0.142857	0.28169	0.0757095
Pf3D7_04_v3	888023	0.37013	0.420775	0.00200666
Pf3D7_04_v3	888892	0.194805	0.261484	0.0124994
Pf3D7_04_v3	889062	0.646154	0.70922	0.00689359
Pf3D7_04_v3	891732	0.0584416	0.119718	0.0276623
Pf3D7_04_v3	897099	0.150685	0.207746	0.0107629
Pf3D7_04_v3	898407	0.606383	0.703557	0.0284891
Pf3D7_04_v3	898452	0.234694	0.498047	0.22307
Pf3D7_04_v3	898668	0.0634921	0.175532	0.0862944
Pf3D7_04_v3	898815	0.435065	0.292254	0.0569201
Pf3D7_04_v3	900963	0.214286	0.15493	0.010651
Pf3D7_04_v3	901096	0.344156	0.27993	0.00774877
Pf3D7_04_v3	902548	0.695652	0.768683	0.0145751
Pf3D7_04_v3	903207	0.727273	0.794014	0.0114925
Pf3D7_04_v3	908347	0.746753	0.674912	0.0121638
Pf3D7_04_v3	908685	0.513333	0.654804	0.0532629
Pf3D7_04_v3	908786	0.464286	0.585202	0.0358874
Pf3D7_04_v3	910484	0.203947	0.144366	0.012097
Pf3D7_04_v3	918934	0.279221	0.221631	0.00650315
Pf3D7_04_v3	919351	0.0571429	0.151408	0.0649287
Pf3D7_04_v3	925583	0.311688	0.246479	0.0091483
Pf3D7_04_v3	925627	0.467532	0.387324	0.0131008
Pf3D7_04_v3	926320	0.207792	0.278169	0.0137176
Pf3D7_04_v3	927454	0.164384	0.264085	0.0373619
Pf3D7_04_v3	930092	0.409091	0.484099	0.0106329
Pf3D7_04_v3	932891	0.188312	0.0880282	0.0545392
Pf3D7_04_v3	933060	0.857143	0.804577	0.00820966
Pf3D7_04_v3	987893	0.561404	0.632727	0.0104062
Pf3D7_04_v3	988680	0.609589	0.700704	0.0211987
Pf3D7_04_v3	988749	0.590909	0.720848	0.0477451
Pf3D7_04_v3	989043	0.704225	0.782918	0.0177599
Pf3D7_04_v3	989044	0.704225	0.798932	0.0293945
Pf3D7_04_v3	989334	0.0328947	0.0830389	0.0284181
Pf3D7_04_v3	989663	0.0460526	0.114437	0.040291
Pf3D7_04_v3	989906	0.12987	0.181338	0.0086899
Pf3D7_04_v3	990152	0.210526	0.273852	0.00959685
Pf3D7_04_v3	990269	0.32	0.371886	0.00241065
Pf3D7_04_v3	990877	0.0986842	0.167254	0.0240182
Pf3D7_04_v3	990908	0.253333	0.179577	0.0169875
Pf3D7_04_v3	991106	0.0649351	0.139085	0.0369461
Pf3D7_04_v3	991858	0.279221	0.172535	0.0404852
Pf3D7_04_v3	991881	0.272727	0.167254	0.0403403
Pf3D7_04_v3	992024	0.305195	0.253521	0.00352828
Pf3D7_04_v3	992686	0.038961	0.0985915	0.0339533
Pf3D7_04_v3	993362	0.513333	0.455986	0.00342288
Pf3D7_04_v3	993752	0.0519481	0.116197	0.0332111
Pf3D7_04_v3	993767	0.272727	0.336268	0.00800998
Pf3D7_04_v3	997348	0.0909091	0.177817	0.0402142
Pf3D7_04_v3	999679	0.397959	0.48289	0.0175579
Pf3D7_04_v3	1002051	0.560811	0.698944	0.0537776
Pf3D7_04_v3	1005358	0.331169	0.382042	0.00211042
Pf3D7_04_v3	1005986	0.428571	0.348592	0.0134816
Pf3D7_04_v3	1005987	0.428571	0.348592	0.0134816
Pf3D7_04_v3	1006032	0.487013	0.420775	0.00664254
Pf3D7_04_v3	1034437	0.746753	0.670775	0.0145963
Pf3D7_04_v3	1035251	0.136364	0.19788	0.0136284
Pf3D7_04_v3	1035496	0.272727	0.327465	0.00407973
Pf3D7_04_v3	1037433	0.207792	0.375	0.0890377
Pf3D7_04_v3	1037656	0.350649	0.454225	0.0261387
Pf3D7_04_v3	1037822	0.441558	0.378521	0.0061606
Pf3D7_04_v3	1042880	0.435065	0.373239	0.00552865
Pf3D7_04_v3	1043003	0.292208	0.408451	0.0370473
Pf3D7_04_v3	1043010	0.305195	0.366197	0.00616977
Pf3D7_04_v3	1055978	0.234848	0.338652	0.0343816
Pf3D7_04_v3	1065123	0.0909091	0.142606	0.0132006
Pf3D7_04_v3	1083336	0.623377	0.68838	0.00713415
Pf3D7_04_v3	1086685	0.856061	0.915493	0.0208008
Pf3D7_04_v3	1124506	0.0714286	0.128521	0.0208947
Pf3D7_04_v3	1134465	0.178082	0.259717	0.023121
Pf3D7_04_v3	1134473	0.112676	0.179577	0.0211463
Pf3D7_04_v3	1134489	0.257576	0.367491	0.0378748
Pf3D7_04_v3	1134504	0.198276	0.299163	0.0347241
Pf3D7_04_v3	1134508	0.0454545	0.193662	0.146625
Pf3D7_04_v3	1134510	0.140845	0.216549	0.0233059
Pf3D7_04_v3	1134513	0.0454545	0.198944	0.153881
Pf3D7_04_v3	1134523	0.0985915	0.176056	0.0324034
Pf3D7_04_v3	1134525	0.0530303	0.195423	0.131859
Pf3D7_04_v3	1134526	0.0530303	0.195423	0.131859
Pf3D7_04_v3	1134537	0.046875	0.197183	0.150549
Pf3D7_04_v3	1134541	0.0546875	0.197183	0.13278
Pf3D7_04_v3	1134543	0.0958904	0.176056	0.034888
Pf3D7_04_v3	1134544	0.183333	0.371479	0.13233
Pf3D7_04_v3	1134553	0.109589	0.190141	0.0322252
Pf3D7_04_v3	1134555	0.109589	0.190141	0.0322252
Pf3D7_04_v3	1134564	0.116438	0.191901	0.0266705
Pf3D7_04_v3	1136634	0.0486111	0.102518	0.0247053
Pf3D7_04_v3	1136643	0.0492958	0.108303	0.0295367
Pf3D7_04_v3	1136918	0.012987	0.0669014	0.0486312
Pf3D7_04_v3	1136975	0.012987	0.0777385	0.0632864
Pf3D7_04_v3	1137000	0.012987	0.0651408	0.0469881
Pf3D7_04_v3	1137178	0.331169	0.418728	0.0177846
Pf3D7_04_v3	1137262	0.355932	0.436293	0.0138717
Pf3D7_04_v3	1137298	0.364407	0.430712	0.0071741
Pf3D7_04_v3	1137367	0.184932	0.12037	0.0169547
Pf3D7_05_v3	59688	0.186567	0.103943	0.0355785
Pf3D7_05_v3	69564	0.558442	0.617958	0.0045819
Pf3D7_05_v3	69585	0.558442	0.614841	0.00334631
Pf3D7_05_v3	84637	0.0194805	0.128521	0.113603
Pf3D7_05_v3	93127	0.142857	0.198944	0.0102869
Pf3D7_05_v3	99196	0.292208	0.207746	0.0214777
Pf3D7_05_v3	118530	0.166667	0.110294	0.0131789
Pf3D7_05_v3	130764	0.0328947	0.107394	0.0552474
Pf3D7_05_v3	131301	0.857143	0.913732	0.017426
Pf3D7_05_v3	132201	0.467105	0.385563	0.0140488
Pf3D7_05_v3	132885	0.415584	0.360915	0.00303696
Pf3D7_05_v3	147419	0.0657895	0.135231	0.0323719
Pf3D7_05_v3	162518	0.532468	0.478873	0.00201588
Pf3D7_05_v3	180912	0.0652174	0.206835	0.116562
Pf3D7_05_v3	188807	0.558442	0.471831	0.0157532
Pf3D7_05_v3	191510	0.0135135	0.107143	0.103309
Pf3D7_05_v3	191785	0.0149254	0.0706714	0.0519047
Pf3D7_05_v3	192222	0.675325	0.728873	0.0038272
Pf3D7_05_v3	197442	0.0328947	0.0915493	0.0369518
Pf3D7_05_v3	198142	0.480519	0.424296	0.00313762
Pf3D7_05_v3	202752	0.373333	0.43838	0.00675563
Pf3D7_05_v3	288839	0.507143	0.56162	0.00258447
Pf3D7_05_v3	307694	0.0324675	0.110915	0.0598157
Pf3D7_05_v3	329493	0.461039	0.612676	0.0602968
Pf3D7_05_v3	329511	0.11039	0.172535	0.0169627
Pf3D7_05_v3	329612	0.0584416	0.131206	0.0385075
Pf3D7_05_v3	329613	0.714286	0.780142	0.0109552
Pf3D7_05_v3	358951	0.24026	0.123239	0.0597491
Pf3D7_05_v3	363660	0.331169	0.397527	0.00786112
Pf3D7_05_v3	364227	0.616883	0.71831	0.0275871
Pf3D7_05_v3	367383	0.45	0.388693	0.00520709
Pf3D7_05_v3	368632	0.246753	0.149648	0.036338
Pf3D7_05_v3	370000	0.175325	0.231449	0.00818104
Pf3D7_05_v3	370002	0.246753	0.303887	0.00568542
Pf3D7_05_v3	376115	0.328947	0.424028	0.0220378
Pf3D7_05_v3	389925	0.0847458	0.184615	0.0601642
Pf3D7_05_v3	391101	0.184211	0.121479	0.0162959
Pf3D7_05_v3	396039	0.662338	0.568662	0.0208807
Pf3D7_05_v3	397372	0.0844156	0.0246479	0.0434151
Pf3D7_05_v3	404759	0.512987	0.445423	0.00731008
Pf3D7_05_v3	474904	0.558442	0.477113	0.0132848
Pf3D7_05_v3	481687	0.539474	0.609155	0.00852946
Pf3D7_05_v3	516028	0.0723684	0.0176056	0.0441858
Pf3D7_05_v3	525899	0.1	0.160211	0.0168528
Pf3D7_05_v3	550283	0.363636	0.514085	0.0598019
Pf3D7_05_v3	550976	0.422078	0.482394	0.00467341
Pf3D7_05_v3	560047	0.166667	0.228571	0.0115995
Pf3D7_05_v3	560991	0.0869565	0.143636	0.0171711
Pf3D7_05_v3	561510	0.603896	0.671986	0.00848938
Pf3D7_05_v3	564532	0.0821918	0.136042	0.0161209
Pf3D7_05_v3	565717	0.421053	0.35689	0.00625038
Pf3D7_05_v3	582536	0.0208333	0.0732143	0.0389053
Pf3D7_05_v3	599322	0.0684932	0.0142857	0.0491723
Pf3D7_05_v3	601824	0.105263	0.204626	0.0482016
Pf3D7_05_v3	610440	0.298701	0.227113	0.0134184
Pf3D7_05_v3	614635	0.181818	0.257042	0.0183261
Pf3D7_05_v3	615283	0.121622	0.0492958	0.0430092
Pf3D7_05_v3	615484	0.344156	0.282686	0.00663534
Pf3D7_05_v3	615541	0.279221	0.18838	0.027398
Pf3D7_05_v3	616768	0.0909091	0.167254	0.0318364
Pf3D7_05_v3	622891	0.00666667	0.0836576	0.0865247
Pf3D7_05_v3	625590	0.0357143	0.0985663	0.0410449
Pf3D7_05_v3	632151	0.220779	0.112676	0.0540537
Pf3D7_05_v3	643110	0.0649351	0.124113	0.0234015
Pf3D7_05_v3	658627	0.282895	0.22007	0.00878647
Pf3D7_05_v3	668861	0.649351	0.728873	0.0156402
Pf3D7_05_v3	668910	0.623377	0.705986	0.0164343
Pf3D7_05_v3	669006	0.292208	0.216549	0.0159217
Pf3D7_05_v3	671370	0.318182	0.392226	0.0114748
Pf3D7_05_v3	672685	0.826667	0.772242	0.00734796
Pf3D7_05_v3	673560	0.473684	0.53169	0.00369454
Pf3D7_05_v3	674663	0.0974026	0.0422535	0.0279903
Pf3D7_05_v3	679970	0.532468	0.607394	0.0106394
Pf3D7_05_v3	680094	0.101562	0.160777	0.0180193
Pf3D7_05_v3	680113	0.0846154	0.167845	0.0433453
Pf3D7_05_v3	680117	0.0846154	0.167845	0.0433453
Pf3D7_05_v3	680124	0.0846154	0.167845	0.0433453
Pf3D7_05_v3	702181	0.201299	0.135563	0.0160704
Pf3D7_05_v3	746067	0.948052	0.894366	0.0227135
Pf3D7_05_v3	750723	0.586538	0.722628	0.0639924
Pf3D7_05_v3	753400	0.116883	0.181338	0.0174064
Pf3D7_05_v3	753909	0.214286	0.125	0.0352944
Pf3D7_05_v3	778626	0.0694444	0.018315	0.0393599
Pf3D7_05_v3	784835	0.0909091	0.0246479	0.0521232
Pf3D7_05_v3	796194	0.279221	0.213028	0.010947
Pf3D7_05_v3	796376	0.162338	0.105634	0.01439
Pf3D7_05_v3	796714	0.402597	0.320423	0.0152387
Pf3D7_05_v3	806315	0.142857	0.230634	0.0306688
Pf3D7_05_v3	826855	0.317568	0.392606	0.0120908
Pf3D7_05_v3	836685	0.103896	0.0492958	0.0243892
Pf3D7_05_v3	840339	0.396104	0.34331	0.00227173
Pf3D7_05_v3	878669	0.109589	0.0516014	0.0286472
Pf3D7_05_v3	896891	0.357143	0.245455	0.0434306
Pf3D7_05_v3	897486	0.479452	0.4	0.0126751
Pf3D7_05_v3	908694	0.350649	0.239437	0.0368868
Pf3D7_05_v3	911820	0.203947	0.103873	0.0498624
Pf3D7_05_v3	921360	0.636986	0.515957	0.0383278
Pf3D7_05_v3	921893	0.401316	0.471831	0.00886533
Pf3D7_05_v3	922187	0.486667	0.35159	0.0481859
Pf3D7_05_v3	929348	0.25	0.17148	0.0215614
Pf3D7_05_v3	930947	0.188312	0.258803	0.0144026
Pf3D7_05_v3	931606	0.422078	0.29682	0.0428718
Pf3D7_05_v3	935006	0.337662	0.137324	0.143393
Pf3D7_05_v3	958145	0.322368	0.200704	0.0495085
Pf3D7_05_v3	968165	0.223684	0.157244	0.014624
Pf3D7_05_v3	999556	0.525974	0.579225	0.00246358
Pf3D7_05_v3	1005389	0.188312	0.0982143	0.0414896
Pf3D7_05_v3	1007814	0.328947	0.241135	0.0216976
Pf3D7_05_v3	1011550	0.168831	0.100352	0.0232993
Pf3D7_05_v3	1027900	0.409091	0.480565	0.00880433
Pf3D7_05_v3	1042080	0.616883	0.672535	0.00374001
Pf3D7_05_v3	1042252	0.818182	0.889085	0.0230393
Pf3D7_05_v3	1042561	0.701299	0.788732	0.0234259
Pf3D7_05_v3	1042949	0.662338	0.755282	0.0243526
Pf3D7_05_v3	1062378	0.513333	0.443662	0.00818899
Pf3D7_05_v3	1064013	0.0810811	0.183099	0.0606466
Pf3D7_05_v3	1101291	0.136364	0.0862676	0.0123977
Pf3D7_05_v3	1101666	0.792208	0.737676	0.00583242
Pf3D7_05_v3	1113929	0.36	0.429078	0.0083183
Pf3D7_05_v3	1114074	0.628378	0.684859	0.00430627
Pf3D7_05_v3	1147847	0.0461538	0.099278	0.0258874
Pf3D7_05_v3	1156289	0.0779221	0.0211268	0.0431309
Pf3D7_05_v3	1164353	0.344156	0.410211	0.00759955
Pf3D7_05_v3	1188062	0.25974	0.197183	0.00994294
Pf3D7_05_v3	1188491	0.480519	0.401408	0.0121634
Pf3D7_05_v3	1193918	0.0373134	0.109319	0.0520872
Pf3D7_05_v3	1194206	0.220779	0.316901	0.0282751
Pf3D7_05_v3	1196977	0.435065	0.348592	0.0167957
Pf3D7_05_v3	1196989	0.545455	0.484155	0.0049406
Pf3D7_05_v3	1213673	0.588235	0.705986	0.0399677
Pf3D7_05_v3	1215455	0.0844156	0.144366	0.020025
Pf3D7_05_v3	1217961	0.707792	0.628521	0.0147325
Pf3D7_05_v3	1239637	0.181818	0.237676	0.00729376
Pf3D7_05_v3	1253965	0.181818	0.119718	0.0159982
Pf3D7_05_v3	1261809	0.11039	0.164894	0.0122296
Pf3D7_05_v3	1268210	0.0909091	0.0369718	0.0288298
Pf3D7_05_v3	1288609	0.0384615	0.110507	0.051588
Pf3D7_05_v3	1301680	0.435065	0.577465	0.0523135
Pf3D7_05_v3	1309167	0.24026	0.341549	0.0303974
Pf3D7_05_v3	1309669	0.188312	0.241197	0.00659735
Pf3D7_05_v3	1316671	0.276316	0.340426	0.00779317
Pf3D7_05_v3	1318836	0.635135	0.583039	0.00195445
Pf3D7_06_v3	93052	0.844156	0.919014	0.032596
Pf3D7_06_v3	110225	0.467532	0.397887	0.00841599
Pf3D7_06_v3	114520	0.532468	0.434859	0.0220619
Pf3D7_06_v3	114533	0.533333	0.40669	0.0412842
Pf3D7_06_v3	114595	0.142857	0.224382	0.0265295
Pf3D7_06_v3	116243	0.285714	0.18662	0.0336506
Pf3D7_06_v3	116977	0.350649	0.445423	0.021374
Pf3D7_06_v3	119814	0.953947	0.903169	0.022464
Pf3D7_06_v3	119856	0.0584416	0.126761	0.0342554
Pf3D7_06_v3	122873	0.269737	0.360915	0.0221161
Pf3D7_06_v3	145483	0.694805	0.628521	0.00852157
Pf3D7_06_v3	145570	0.642857	0.701413	0.0053744
Pf3D7_06_v3	237194	0.289474	0.225352	0.00921886
Pf3D7_06_v3	240832	0.12987	0.0757042	0.0169967
Pf3D7_06_v3	251219	0.441558	0.371479	0.0086957
Pf3D7_06_v3	259757	0.0974026	0.0422535	0.0275876
Pf3D7_06_v3	261661	0.180328	0.313208	0.0669766
Pf3D7_06_v3	272719	0.311688	0.239437	0.0127735
Pf3D7_06_v3	312414	0.62987	0.52993	0.024102
Pf3D7_06_v3	315733	0.792208	0.677817	0.0425935
Pf3D7_06_v3	316674	0.263158	0.349823	0.0196956
Pf3D7_06_v3	321567	0.11039	0.0510563	0.0280883
Pf3D7_06_v3	408699	0.714286	0.785211	0.0133368
Pf3D7_06_v3	409134	0.116883	0.169014	0.0104683
Pf3D7_06_v3	410307	0.0460526	0.111702	0.0378354
Pf3D7_06_v3	415319	0.223684	0.288732	0.0102155
Pf3D7_06_v3	416492	0.227273	0.172535	0.00760194
Pf3D7_06_v3	419369	0.467532	0.376761	0.0187986
Pf3D7_06_v3	467898	0.130137	0.224199	0.03866
Pf3D7_06_v3	491628	0.163793	0.216981	0.0079381
Pf3D7_06_v3	496187	0.0657895	0.116197	0.016826
Pf3D7_06_v3	528171	0.409091	0.308099	0.0266306
Pf3D7_06_v3	532250	0.220779	0.292254	0.0138212
Pf3D7_06_v3	532725	0.954545	0.892606	0.0331421
Pf3D7_06_v3	542351	0.311688	0.375	0.00705178
Pf3D7_06_v3	542924	0.175325	0.121479	0.0104811
Pf3D7_06_v3	569238	0.668831	0.825704	0.0856633
Pf3D7_06_v3	577389	0.266234	0.341549	0.0138209
Pf3D7_06_v3	590606	0.38961	0.306338	0.0161399
Pf3D7_06_v3	591985	0.204082	0.380228	0.120389
Pf3D7_06_v3	605113	0.584416	0.531802	0.00216406
Pf3D7_06_v3	619007	0.691781	0.750883	0.00650989
Pf3D7_06_v3	624129	0.409091	0.323944	0.0170528
Pf3D7_06_v3	624269	0.785714	0.658451	0.0522254
Pf3D7_06_v3	624289	0.792208	0.625442	0.0885123
Pf3D7_06_v3	627141	0.383562	0.464789	0.0143221
Pf3D7_06_v3	649022	0.207792	0.147887	0.0118699
Pf3D7_06_v3	664346	0.162338	0.0985915	0.0199242
Pf3D7_06_v3	664740	0.428571	0.5	0.00897388
Pf3D7_06_v3	664741	0.428571	0.5	0.00897388
Pf3D7_06_v3	681253	0.342857	0.280142	0.00712247
Pf3D7_06_v3	681463	0.365385	0.457407	0.0226169
Pf3D7_06_v3	682542	0.425676	0.523297	0.0220904
Pf3D7_06_v3	682567	0.356164	0.40681	0.00166972
Pf3D7_06_v3	687148	0.896104	0.952465	0.0264173
Pf3D7_06_v3	690352	0.241071	0.396429	0.0860214
Pf3D7_06_v3	799699	0.402597	0.325088	0.0130502
Pf3D7_06_v3	799790	0.350649	0.420495	0.00860932
Pf3D7_06_v3	823745	0.512987	0.625442	0.0315432
Pf3D7_06_v3	823915	0.409091	0.515845	0.0274514
Pf3D7_06_v3	823939	0.396104	0.477113	0.0137095
Pf3D7_06_v3	824043	0.415584	0.515845	0.0237617
Pf3D7_06_v3	825473	0.613333	0.545775	0.00787436
Pf3D7_06_v3	826183	0.171233	0.231449	0.0110314
Pf3D7_06_v3	828863	0.318182	0.25	0.010724
Pf3D7_06_v3	828899	0.344156	0.248239	0.0262227
Pf3D7_06_v3	833542	0.331169	0.413732	0.0154676
Pf3D7_06_v3	836560	0.207792	0.269366	0.0089444
Pf3D7_06_v3	838976	0.0723684	0.128521	0.0192876
Pf3D7_06_v3	851419	0.746753	0.833922	0.0273337
Pf3D7_06_v3	858307	0.289474	0.367491	0.0138658
Pf3D7_06_v3	866478	0.162338	0.109541	0.0118237
Pf3D7_06_v3	884526	0.464789	0.4125	0.00221295
Pf3D7_06_v3	947981	0.423611	0.546429	0.0385216
Pf3D7_06_v3	970261	0.386667	0.320922	0.00791051
Pf3D7_06_v3	1009701	0.390909	0.27963	0.0395962
Pf3D7_06_v3	1026969	0.393333	0.446996	0.00270419
Pf3D7_06_v3	1027653	0.292208	0.348057	0.00417932
Pf3D7_06_v3	1033118	0.861842	0.80742	0.00968215
Pf3D7_06_v3	1040344	0.805195	0.710247	0.0293607
Pf3D7_06_v3	1047197	0.844156	0.927817	0.0444292
Pf3D7_06_v3	1052578	0.028169	0.15493	0.131634
Pf3D7_06_v3	1056479	0.270833	0.219081	0.00435
Pf3D7_06_v3	1065236	0.155844	0.100352	0.013121
Pf3D7_06_v3	1067838	0.168831	0.112676	0.0119802
Pf3D7_06_v3	1091436	0.190789	0.125887	0.0169431
Pf3D7_06_v3	1100815	0.210526	0.15493	0.00891969
Pf3D7_06_v3	1110574	0.901316	0.84507	0.0154479
Pf3D7_06_v3	1111582	0.184211	0.241993	0.00843867
Pf3D7_06_v3	1115439	0.214286	0.309859	0.0284771
Pf3D7_06_v3	1116117	0.376623	0.250883	0.0467493
Pf3D7_06_v3	1116574	0.311688	0.235915	0.0151857
Pf3D7_06_v3	1117447	0.433333	0.339789	0.0212537
Pf3D7_06_v3	1160911	0.376623	0.228873	0.0672074
Pf3D7_06_v3	1193139	0.363636	0.301418	0.00636984
Pf3D7_06_v3	1224777	0.772727	0.665493	0.0352924
Pf3D7_06_v3	1235507	0.597403	0.512324	0.0152864
Pf3D7_06_v3	1238196	0.0753425	0.187279	0.0734651
Pf3D7_06_v3	1238829	0.590909	0.533451	0.00340137
Pf3D7_06_v3	1252136	0.126866	0.188645	0.0158399
Pf3D7_06_v3	1255482	0.0909091	0.0228873	0.0556962
Pf3D7_06_v3	1268688	0.337662	0.393993	0.00391424
Pf3D7_06_v3	1268919	0.519481	0.455986	0.00582646
Pf3D7_06_v3	1268973	0.188312	0.116197	0.0231007
Pf3D7_06_v3	1282493	0.74026	0.673145	0.00982375
Pf3D7_06_v3	1282691	0.577922	0.644366	0.00752314
Pf3D7_06_v3	1286801	0.616883	0.683746	0.00835346
Pf3D7_06_v3	1288904	0.210526	0.277385	0.0121016
Pf3D7_06_v3	1289212	0.390411	0.45053	0.0045884
Pf3D7_06_v3	1289571	0.577922	0.666078	0.0181998
Pf3D7_06_v3	1290444	0.237705	0.363636	0.0531448
Pf3D7_06_v3	1290486	0.151515	0.271739	0.0596859
Pf3D7_06_v3	1290706	0.0746269	0.130824	0.0191333
Pf3D7_06_v3	1292764	0.276316	0.346831	0.0112552
Pf3D7_07_v3	80417	0.164286	0.230357	0.0146379
Pf3D7_07_v3	80428	0.157143	0.226786	0.0173661
Pf3D7_07_v3	80432	0.164286	0.225	0.0113259
Pf3D7_07_v3	85290	0.197368	0.259786	0.0100775
Pf3D7_07_v3	124510	0.0649351	0.128521	0.0275807
Pf3D7_07_v3	150143	0.480519	0.545775	0.00637711
Pf3D7_07_v3	153413	0.0779221	0.140071	0.0228859
Pf3D7_07_v3	157547	0.727273	0.795775	0.0128433
Pf3D7_07_v3	157969	0.479167	0.557143	0.0119306
Pf3D7_07_v3	159875	0.590909	0.663732	0.0103372
Pf3D7_07_v3	160093	0.313333	0.413428	0.0259208
Pf3D7_07_v3	160097	0.313333	0.413428	0.0259523
Pf3D7_07_v3	160532	0.603896	0.536972	0.00719831
Pf3D7_07_v3	160759	0.331169	0.255282	0.0139585
Pf3D7_07_v3	169310	0.611842	0.66548	0.00259677
Pf3D7_07_v3	180921	0.0324675	0.105634	0.053074
Pf3D7_07_v3	228670	0.116883	0.177817	0.0156114
Pf3D7_07_v3	234754	0.149351	0.204225	0.00895515
Pf3D7_07_v3	253616	0.136364	0.221831	0.0296374
Pf3D7_07_v3	257052	0.716216	0.785211	0.0125989
Pf3D7_07_v3	257953	0.213333	0.288732	0.0157988
Pf3D7_07_v3	258737	0.933824	0.879928	0.0191965
Pf3D7_07_v3	299971	0.138158	0.0880282	0.0116478
Pf3D7_07_v3	332591	0.22973	0.165493	0.012853
Pf3D7_07_v3	333407	0.281818	0.408397	0.0505269
Pf3D7_07_v3	370875	0.441558	0.373239	0.00787469
Pf3D7_07_v3	374834	0.157895	0.235915	0.022232
Pf3D7_07_v3	375339	0.489583	0.584362	0.022244
Pf3D7_07_v3	375818	0.878378	0.794326	0.0317479
Pf3D7_07_v3	384293	0.12987	0.209507	0.0267511
Pf3D7_07_v3	385921	0.571429	0.508803	0.0048104
Pf3D7_07_v3	403625	0.644737	0.524735	0.0367519
Pf3D7_07_v3	404407	0.663636	0.568182	0.0242757
Pf3D7_07_v3	404836	0.673913	0.544964	0.0458548
Pf3D7_07_v3	405600	0.25	0.314748	0.00873731
Pf3D7_07_v3	415529	0.61039	0.71831	0.0320452
Pf3D7_07_v3	415543	0.616883	0.698944	0.0160275
Pf3D7_07_v3	415775	0.746753	0.683099	0.00831443
Pf3D7_07_v3	416615	0.266234	0.367958	0.0281793
Pf3D7_07_v3	417360	0.293333	0.360915	0.00911273
Pf3D7_07_v3	417474	0.896104	0.834507	0.0169976
Pf3D7_07_v3	417661	0.12987	0.18662	0.0113735
Pf3D7_07_v3	417700	0.883117	0.822183	0.0156507
Pf3D7_07_v3	418720	0.164474	0.276408	0.0469271
Pf3D7_07_v3	418726	0.164474	0.283451	0.0529771
Pf3D7_07_v3	419603	0.727273	0.658451	0.00963049
Pf3D7_07_v3	420336	0.149351	0.2	0.00630044
Pf3D7_07_v3	421420	0.525974	0.441901	0.0144611
Pf3D7_07_v3	426524	0.427632	0.485915	0.00389212
Pf3D7_07_v3	426753	0.441558	0.348592	0.0202557
Pf3D7_07_v3	430364	0.422078	0.334507	0.0176133
Pf3D7_07_v3	432928	0.24026	0.301056	0.00760009
Pf3D7_07_v3	435368	0.5	0.431338	0.00803439
Pf3D7_07_v3	435497	0.551948	0.419014	0.0447529
Pf3D7_07_v3	445215	0.61039	0.512324	0.0222429
Pf3D7_07_v3	445690	0.587838	0.461131	0.0411876
Pf3D7_07_v3	449692	0.587838	0.526596	0.00505358
Pf3D7_07_v3	450711	0.318182	0.187279	0.0588107
Pf3D7_07_v3	451126	0.381579	0.460993	0.0129919
Pf3D7_07_v3	451331	0.126667	0.178445	0.00908081
Pf3D7_07_v3	451975	0.694805	0.591549	0.027599
Pf3D7_07_v3	452395	0.512987	0.401408	0.0305027
Pf3D7_07_v3	454103	0.184211	0.264085	0.0208157
Pf3D7_07_v3	455550	0.467105	0.533569	0.00669308
Pf3D7_07_v3	456232	0.623288	0.510676	0.0320572
Pf3D7_07_v3	457219	0.573333	0.656028	0.0152488
Pf3D7_07_v3	457269	0.520548	0.632509	0.0321049
Pf3D7_07_v3	460125	0.136364	0.239437	0.044602
Pf3D7_07_v3	461191	0.714286	0.641343	0.0117749
Pf3D7_07_v3	461364	0.142857	0.221831	0.0246825
Pf3D7_07_v3	463930	0.337662	0.480496	0.0544043
Pf3D7_07_v3	463969	0.52027	0.570423	0.00143968
Pf3D7_07_v3	465426	0.56	0.491197	0.00785858
Pf3D7_07_v3	465579	0.782895	0.684859	0.029753
Pf3D7_07_v3	465648	0.779412	0.689716	0.0251682
Pf3D7_07_v3	465691	0.716418	0.617978	0.0261704
Pf3D7_07_v3	465928	0.764286	0.705357	0.00709311
Pf3D7_07_v3	466106	0.439189	0.384058	0.00319529
Pf3D7_07_v3	466109	0.445946	0.384058	0.00565587
Pf3D7_07_v3	466215	0.144737	0.241935	0.0373028
Pf3D7_07_v3	466236	0.164474	0.235612	0.0166615
Pf3D7_07_v3	471807	0.116883	0.044484	0.0439064
Pf3D7_07_v3	473203	0.769737	0.823214	0.00681924
Pf3D7_07_v3	474754	0.694805	0.80212	0.0377677
Pf3D7_07_v3	474831	0.125	0.224382	0.0436307
Pf3D7_07_v3	475324	0.318182	0.169611	0.0786199
Pf3D7_07_v3	477031	0.0342466	0.101786	0.0472439
Pf3D7_07_v3	477049	0.304348	0.405357	0.0272849
Pf3D7_07_v3	481716	0.863636	0.783451	0.026231
Pf3D7_07_v3	481853	0.855263	0.785211	0.0182845
Pf3D7_07_v3	487614	0.116883	0.0475352	0.0395633
Pf3D7_07_v3	488471	0.305195	0.401408	0.0235044
Pf3D7_07_v3	492725	0.194805	0.142606	0.00792248
Pf3D7_07_v3	495789	0.808219	0.884752	0.0268452
Pf3D7_07_v3	495855	0.451389	0.575	0.0392301
Pf3D7_07_v3	495859	0.383562	0.296429	0.0185875
Pf3D7_07_v3	497212	0.474026	0.413732	0.00444949
Pf3D7_07_v3	497403	0.130137	0.0724382	0.0211323
Pf3D7_07_v3	502208	0.0324675	0.0827465	0.0283128
Pf3D7_07_v3	505865	0.766234	0.830986	0.0125143
Pf3D7_07_v3	507068	0.0909091	0.151408	0.0189523
Pf3D7_07_v3	507128	0.233766	0.327465	0.0254712
Pf3D7_07_v3	507181	0.0649351	0.117958	0.0187731
Pf3D7_07_v3	507272	0.233766	0.34507	0.0374768
Pf3D7_07_v3	507284	0.194805	0.286972	0.0278022
Pf3D7_07_v3	605814	0.246269	0.320796	0.0120071
Pf3D7_07_v3	606090	0.164286	0.220833	0.0077025
Pf3D7_07_v3	606241	0.2	0.280172	0.0174716
Pf3D7_07_v3	606353	0.0289855	0.0818966	0.031603
Pf3D7_07_v3	607238	0.0352113	0.17562	0.131027
Pf3D7_07_v3	607563	0.201389	0.285408	0.0191028
Pf3D7_07_v3	607567	0.201389	0.282328	0.0172876
Pf3D7_07_v3	607576	0.028169	0.116379	0.0700508
Pf3D7_07_v3	607586	0.00704225	0.0581897	0.0489246
Pf3D7_07_v3	607595	0.00704225	0.0574468	0.0483307
Pf3D7_07_v3	613197	0.0945946	0.0319149	0.04207
Pf3D7_07_v3	613581	0.37013	0.452465	0.0144605
Pf3D7_07_v3	613596	0.188312	0.267606	0.0201872
Pf3D7_07_v3	614408	0.642857	0.787234	0.0697312
Pf3D7_07_v3	614420	0.283784	0.169611	0.0480785
Pf3D7_07_v3	614531	0.853333	0.919014	0.0248422
Pf3D7_07_v3	614770	0.0714286	0.139085	0.0295062
Pf3D7_07_v3	614840	0.0855263	0.135563	0.0128078
Pf3D7_07_v3	614894	0.123377	0.068662	0.0187349
Pf3D7_07_v3	614929	0.123377	0.068662	0.0187349
Pf3D7_07_v3	615728	0.12987	0.0689046	0.0237344
Pf3D7_07_v3	615869	0.302632	0.230634	0.0131916
Pf3D7_07_v3	616179	0.422078	0.332746	0.0186257
Pf3D7_07_v3	616290	0.038961	0.096831	0.0327304
Pf3D7_07_v3	616299	0.038961	0.103873	0.0401684
Pf3D7_07_v3	616459	0.525974	0.401408	0.0390461
Pf3D7_07_v3	616570	0.142857	0.068662	0.0360155
Pf3D7_07_v3	616673	0.253247	0.198944	0.00602518
Pf3D7_07_v3	616829	0.487013	0.432862	0.00226027
Pf3D7_07_v3	616856	0.454545	0.332746	0.0388211
Pf3D7_07_v3	616872	0.461039	0.336268	0.0408661
Pf3D7_07_v3	616874	0.506494	0.40493	0.0242375
Pf3D7_07_v3	618042	0.213333	0.153025	0.0115201
Pf3D7_07_v3	618961	0.220779	0.290493	0.0127293
Pf3D7_07_v3	619222	0.136364	0.21831	0.0277738
Pf3D7_07_v3	619279	0.37013	0.318662	0.00223059
Pf3D7_07_v3	619738	0.116883	0.211268	0.0412697
Pf3D7_07_v3	619957	0.246667	0.355357	0.0346017
Pf3D7_07_v3	627085	0.0821918	0.139493	0.0186339
Pf3D7_07_v3	627952	0.506494	0.450704	0.00305059
Pf3D7_07_v3	627970	0.506494	0.448944	0.0035239
Pf3D7_07_v3	629464	0.174419	0.38664	0.181469
Pf3D7_07_v3	629467	0.182927	0.388211	0.173375
Pf3D7_07_v3	631007	0.0909091	0.0211268	0.0594786
Pf3D7_07_v3	631321	0.592857	0.680851	0.0191182
Pf3D7_07_v3	631726	0.723684	0.787986	0.0100073
Pf3D7_07_v3	631730	0.723684	0.787986	0.0100073
Pf3D7_07_v3	631810	0.276316	0.216071	0.00774622
Pf3D7_07_v3	631997	0.025974	0.090106	0.0485932
Pf3D7_07_v3	634276	0.406667	0.621377	0.120348
Pf3D7_07_v3	635254	0.433333	0.512324	0.0121476
Pf3D7_07_v3	635759	0.322368	0.448944	0.0432824
Pf3D7_07_v3	635776	0.315789	0.431338	0.0356962
Pf3D7_07_v3	635985	0.691176	0.620567	0.0102084
Pf3D7_07_v3	637084	0.0844156	0.0176678	0.0595328
Pf3D7_07_v3	637190	0.348684	0.498239	0.0597754
Pf3D7_07_v3	637291	0.0844156	0.0176056	0.0598164
Pf3D7_07_v3	678111	0.266234	0.336268	0.0109171
Pf3D7_07_v3	686376	0.142857	0.0918728	0.0116305
Pf3D7_07_v3	699262	0.558442	0.5	0.00378014
Pf3D7_07_v3	704373	0.506494	0.427817	0.0118382
Pf3D7_07_v3	706074	0.459459	0.521127	0.00510205
Pf3D7_07_v3	706086	0.425676	0.510601	0.0155394
Pf3D7_07_v3	706087	0.425676	0.510601	0.0155394
Pf3D7_07_v3	708271	0.0540541	0.111702	0.0255333
Pf3D7_07_v3	712909	0.5	0.581851	0.0134856
Pf3D7_07_v3	717434	0.603896	0.526408	0.0118107
Pf3D7_07_v3	717932	0.0633803	0.113475	0.0172245
Pf3D7_07_v3	717936	0.152174	0.244681	0.0345528
Pf3D7_07_v3	730268	0.74026	0.81338	0.0162027
Pf3D7_07_v3	749859	0.0571429	0.108303	0.0198844
Pf3D7_07_v3	752136	0.00649351	0.0580986	0.054871
Pf3D7_07_v3	752769	0.0131579	0.0651408	0.0459406
Pf3D7_07_v3	774722	0.435065	0.34331	0.0199224
Pf3D7_07_v3	851697	0.409091	0.315141	0.021451
Pf3D7_07_v3	866181	0.876623	0.943662	0.0333653
Pf3D7_07_v3	878620	0.0789474	0.161871	0.0402477
Pf3D7_07_v3	883388	0.188312	0.271127	0.0222931
Pf3D7_07_v3	883457	0.5	0.447183	0.00167528
Pf3D7_07_v3	883904	0.272727	0.323944	0.00331127
Pf3D7_07_v3	883906	0.272727	0.323944	0.00331127
Pf3D7_07_v3	883937	0.136364	0.0598592	0.0417772
Pf3D7_07_v3	884733	0.025974	0.084507	0.0421579
Pf3D7_07_v3	894384	0.714286	0.642606	0.0109084
Pf3D7_07_v3	898242	0.676923	0.753623	0.0156908
Pf3D7_07_v3	900965	0.409836	0.507299	0.023829
Pf3D7_07_v3	901819	0.0466667	0.104982	0.0297818
Pf3D7_07_v3	905648	0.77027	0.709677	0.00775925
Pf3D7_07_v3	906751	0.0394737	0.0933099	0.0284584
Pf3D7_07_v3	908894	0.25974	0.19788	0.00933578
Pf3D7_07_v3	918738	0.507042	0.428315	0.0123284
Pf3D7_07_v3	985434	0.0454545	0.105735	0.0318886
Pf3D7_07_v3	988737	0.125	0.069395	0.01884
Pf3D7_07_v3	990172	0.727273	0.801056	0.015819
Pf3D7_07_v3	995061	0.038961	0.0897887	0.0248669
Pf3D7_07_v3	1008272	0.260274	0.202509	0.00770956
Pf3D7_07_v3	1109226	0.527397	0.640845	0.0331881
Pf3D7_07_v3	1115805	0.641892	0.577739	0.00676912
Pf3D7_07_v3	1119385	0.214286	0.146209	0.0168496
Pf3D7_07_v3	1158051	0.376623	0.427817	0.00169057
Pf3D7_07_v3	1158209	0.727273	0.804577	0.0185591
Pf3D7_07_v3	1158217	0.753247	0.81338	0.00986241
Pf3D7_07_v3	1158225	0.746667	0.809859	0.0113478
Pf3D7_07_v3	1160239	0.512987	0.387324	0.0401986
Pf3D7_07_v3	1170354	0.507353	0.566787	0.00374651
Pf3D7_07_v3	1210289	0.0972222	0.167845	0.0265629
Pf3D7_07_v3	1221243	0.125	0.176678	0.00903252
Pf3D7_07_v3	1238795	0.227273	0.135563	0.0351332
Pf3D7_07_v3	1243078	0.350649	0.40106	0.00157553
Pf3D7_07_v3	1243766	0.694805	0.59331	0.0271345
Pf3D7_07_v3	1257296	0.272727	0.339789	0.00925727
Pf3D7_07_v3	1259341	0.555556	0.636531	0.0155532
Pf3D7_07_v3	1339043	0.168919	0.0836299	0.0426025
Pf3D7_07_v3	1362917	0.401408	0.485866	0.015917
Pf3D7_07_v3	1362925	0.5	0.579787	0.0131118
Pf3D7_07_v3	1380223	0.105263	0.156584	0.0106577
Pf3D7_08_v3	117802	0.150685	0.222222	0.0187149
Pf3D7_08_v3	150033	0.207792	0.278169	0.0136785
Pf3D7_08_v3	157014	0.162338	0.228873	0.0140806
Pf3D7_08_v3	259888	0.868421	0.808511	0.0131425
Pf3D7_08_v3	262214	0.315789	0.367958	0.0030068
Pf3D7_08_v3	262218	0.315789	0.366197	0.00243578
Pf3D7_08_v3	296017	0.12987	0.0792254	0.0141827
Pf3D7_08_v3	312234	0.0779221	0.0246479	0.0353417
Pf3D7_08_v3	336479	0.194805	0.274648	0.019967
Pf3D7_08_v3	398541	0.152778	0.231752	0.0231641
Pf3D7_08_v3	399774	0.155844	0.234155	0.0220219
Pf3D7_08_v3	403309	0.792208	0.848592	0.0100361
Pf3D7_08_v3	412981	0.461039	0.562057	0.0234963
Pf3D7_08_v3	413067	0.564935	0.496466	0.0075788
Pf3D7_08_v3	422166	0.590909	0.689046	0.0241461
Pf3D7_08_v3	424167	0.694805	0.764085	0.0118598
Pf3D7_08_v3	468669	0.246753	0.350352	0.0309614
Pf3D7_08_v3	468690	0.233766	0.150177	0.0268389
Pf3D7_08_v3	468950	0.0779221	0.0176056	0.0516097
Pf3D7_08_v3	469434	0.214286	0.135563	0.0257007
Pf3D7_08_v3	469490	0.223684	0.155477	0.0163132
Pf3D7_08_v3	469505	0.243421	0.15371	0.031037
Pf3D7_08_v3	471213	0.409091	0.503521	0.0199933
Pf3D7_08_v3	471263	0.383117	0.452465	0.00832281
Pf3D7_08_v3	471333	0.545455	0.43662	0.0286688
Pf3D7_08_v3	471366	0.574324	0.466549	0.0286786
Pf3D7_08_v3	475630	0.188312	0.125	0.0155705
Pf3D7_08_v3	476552	0.0753425	0.147887	0.0336649
Pf3D7_08_v3	476559	0.0753425	0.144876	0.0308702
Pf3D7_08_v3	477552	0.25	0.182143	0.0141655
Pf3D7_08_v3	486709	0.246667	0.176056	0.015571
Pf3D7_08_v3	488383	0.226667	0.283688	0.00643457
Pf3D7_08_v3	489226	0.0684932	0.133452	0.028352
Pf3D7_08_v3	490413	0.542857	0.599291	0.00362523
Pf3D7_08_v3	491181	0.207792	0.272887	0.0108683
Pf3D7_08_v3	491371	0.144737	0.0897887	0.0149834
Pf3D7_08_v3	496010	0.148649	0.200704	0.00744982
Pf3D7_08_v3	499624	0.195652	0.115108	0.0309425
Pf3D7_08_v3	501042	0.361842	0.299296	0.00699035
Pf3D7_08_v3	544529	0.206667	0.308099	0.0333552
Pf3D7_08_v3	546841	0.41	0.531373	0.0432796
Pf3D7_08_v3	548801	0.309211	0.399648	0.020294
Pf3D7_08_v3	549685	0.662338	0.52993	0.0464503
Pf3D7_08_v3	561624	0.783582	0.695341	0.0247725
Pf3D7_08_v3	570903	0.0584416	0.125	0.0327665
Pf3D7_08_v3	572299	0.376623	0.489437	0.0316077
Pf3D7_08_v3	576123	0.0855263	0.024735	0.0445058
Pf3D7_08_v3	580045	0.928571	0.839789	0.0495556
Pf3D7_08_v3	591455	0.0454545	0.100352	0.0259037
Pf3D7_08_v3	594839	0.779221	0.866197	0.0317371
Pf3D7_08_v3	615922	0.773438	0.84854	0.0224397
Pf3D7_08_v3	619138	0.272727	0.216549	0.00644555
Pf3D7_08_v3	666328	0.264286	0.154122	0.0482207
Pf3D7_08_v3	670674	0.0194805	0.0704225	0.0379285
Pf3D7_08_v3	672242	0.123377	0.198944	0.0246332
Pf3D7_08_v3	693450	0.0714286	0.123239	0.0162421
Pf3D7_08_v3	693543	0.0649351	0.116197	0.0176885
Pf3D7_08_v3	701542	0.114583	0.35098	0.234444
Pf3D7_08_v3	701557	0.114583	0.346304	0.228852
Pf3D7_08_v3	701614	0.24	0.37218	0.0644637
Pf3D7_08_v3	706472	0.772727	0.823944	0.00583159
Pf3D7_08_v3	712180	0.0714286	0.0140845	0.0517661
Pf3D7_08_v3	712741	0.414286	0.510563	0.0223215
Pf3D7_08_v3	712742	0.414286	0.510563	0.0223215
Pf3D7_08_v3	739561	0.155844	0.0971731	0.0166782
Pf3D7_08_v3	740134	0.415584	0.273852	0.0574885
Pf3D7_08_v3	771719	0.557143	0.639085	0.0147356
Pf3D7_08_v3	776285	0.246753	0.308099	0.0075758
Pf3D7_08_v3	777710	0.12987	0.195423	0.0170729
Pf3D7_08_v3	810394	0.0266667	0.0854093	0.0411051
Pf3D7_08_v3	834628	0.597403	0.494718	0.0250154
Pf3D7_08_v3	845305	0.233333	0.172598	0.0101953
Pf3D7_08_v3	845323	0.736486	0.670213	0.00929934
Pf3D7_08_v3	845420	0.76087	0.846429	0.0291036
Pf3D7_08_v3	845861	0.216216	0.137993	0.0242349
Pf3D7_08_v3	896627	0.0808824	0.0108696	0.0769813
Pf3D7_08_v3	919126	0.268657	0.343972	0.0138638
Pf3D7_08_v3	919519	0.322368	0.257951	0.00864916
Pf3D7_08_v3	920130	0.131944	0.248214	0.0585795
Pf3D7_08_v3	920148	0.161972	0.281139	0.0550693
Pf3D7_08_v3	933060	0.538961	0.609155	0.00859843
Pf3D7_08_v3	934747	0.0714286	0.0158451	0.0460156
Pf3D7_08_v3	937347	0.147887	0.0910714	0.0169255
Pf3D7_08_v3	942040	0.512987	0.461268	0.00162398
Pf3D7_08_v3	943400	0.813333	0.741197	0.0159775
Pf3D7_08_v3	968338	0.220779	0.158451	0.0121305
Pf3D7_08_v3	983577	0.493056	0.440647	0.00136682
Pf3D7_08_v3	997117	0.506849	0.594306	0.0168441
Pf3D7_08_v3	1001356	0.116883	0.0492958	0.0366729
Pf3D7_08_v3	1002321	0.427632	0.528169	0.023944
Pf3D7_08_v3	1009108	0.441558	0.376761	0.00673262
Pf3D7_08_v3	1018664	0.194805	0.135563	0.0119265
Pf3D7_08_v3	1022803	0.136364	0.0792254	0.0188383
Pf3D7_08_v3	1053252	0.012987	0.068662	0.0508454
Pf3D7_08_v3	1061401	0.779221	0.677817	0.0317193
Pf3D7_08_v3	1062754	0.677632	0.753521	0.0144542
Pf3D7_08_v3	1063139	0.855263	0.922535	0.0270554
Pf3D7_08_v3	1102537	0.12987	0.184859	0.0107631
Pf3D7_08_v3	1112135	0.363636	0.291519	0.0110195
Pf3D7_08_v3	1112292	0.273333	0.22007	0.00503889
Pf3D7_08_v3	1112369	0.28	0.227599	0.00449865
Pf3D7_08_v3	1116244	0.37013	0.447183	0.012149
Pf3D7_08_v3	1117118	0.038961	0.109155	0.0458984
Pf3D7_08_v3	1117245	0.116883	0.209507	0.0391826
Pf3D7_08_v3	1127341	0	0.0528169	0.0705367
Pf3D7_08_v3	1138272	0.0526316	0.12234	0.0377476
Pf3D7_08_v3	1143781	0.392857	0.45053	0.00371828
Pf3D7_08_v3	1152940	0.00649351	0.0580986	0.0546503
Pf3D7_08_v3	1165651	0.305195	0.454064	0.0611077
Pf3D7_08_v3	1167885	0.766234	0.649648	0.0417568
Pf3D7_08_v3	1167918	0.707792	0.614437	0.0225811
Pf3D7_08_v3	1168116	0.363636	0.295053	0.00912869
Pf3D7_08_v3	1168179	0.37013	0.304577	0.00767505
Pf3D7_08_v3	1169948	0.207792	0.132042	0.0233251
Pf3D7_08_v3	1176413	0.480263	0.559859	0.0124359
Pf3D7_08_v3	1176457	0.422078	0.327465	0.0216014
Pf3D7_08_v3	1183127	0.0519481	0.107394	0.0247056
Pf3D7_08_v3	1191882	0.344156	0.292254	0.00304176
Pf3D7_08_v3	1208302	0.376812	0.451957	0.0112562
Pf3D7_08_v3	1261187	0.448052	0.517668	0.00829661
Pf3D7_08_v3	1269432	0.454545	0.547535	0.0191032
Pf3D7_08_v3	1269573	0.188312	0.130282	0.0123351
Pf3D7_08_v3	1290466	0.564935	0.43662	0.0415299
Pf3D7_08_v3	1290496	0.5	0.413732	0.0155891
Pf3D7_08_v3	1310665	0.532468	0.614437	0.0137937
Pf3D7_08_v3	1310673	0.571429	0.630282	0.00418902
Pf3D7_08_v3	1310889	0.266234	0.197183	0.0133911
Pf3D7_08_v3	1316718	0.692857	0.764085	0.0130129
Pf3D7_08_v3	1316883	0.0197368	0.0706714	0.0375753
Pf3D7_08_v3	1317620	0.06	0.144128	0.0499997
Pf3D7_08_v3	1317878	0.0779221	0.163732	0.0440036
Pf3D7_08_v3	1318108	0.201389	0.146953	0.00901982
Pf3D7_08_v3	1325177	0.472222	0.609155	0.0501006
Pf3D7_08_v3	1325187	0.22973	0.376761	0.0680558
Pf3D7_08_v3	1342230	0.613636	0.666078	0.00264206
Pf3D7_08_v3	1358953	0.337662	0.262324	0.0137762
Pf3D7_08_v3	1363159	0.512987	0.672535	0.0693005
Pf3D7_08_v3	1363160	0.480519	0.598592	0.0351852
Pf3D7_08_v3	1363211	0.409091	0.471831	0.00583023
Pf3D7_08_v3	1363220	0.448052	0.544014	0.0214361
Pf3D7_08_v3	1363222	0.448052	0.544014	0.0214361
Pf3D7_08_v3	1363235	0.431507	0.547535	0.0345662
Pf3D7_08_v3	1363249	0.383562	0.473592	0.0188857
Pf3D7_09_v3	82160	0.168831	0.112676	0.0129366
Pf3D7_09_v3	82238	0.0584416	0.110915	0.0196979
Pf3D7_09_v3	84790	0.0434783	0.101083	0.0306222
Pf3D7_09_v3	85450	0.116883	0.169014	0.00979806
Pf3D7_09_v3	87155	0.118421	0.183746	0.0178553
Pf3D7_09_v3	89887	0.558442	0.616197	0.00424953
Pf3D7_09_v3	90040	0.448052	0.390845	0.00375402
Pf3D7_09_v3	99264	0.214286	0.144366	0.0180907
Pf3D7_09_v3	143396	0.409091	0.334507	0.0115496
Pf3D7_09_v3	149416	0.12	0.178445	0.0138136
Pf3D7_09_v3	157982	0.585526	0.491197	0.0202021
Pf3D7_09_v3	158687	0.0714286	0.0193662	0.0388274
Pf3D7_09_v3	158728	0.357143	0.452297	0.0212267
Pf3D7_09_v3	164244	0.188312	0.130742	0.0117297
Pf3D7_09_v3	168615	0.513158	0.584806	0.00918428
Pf3D7_09_v3	183441	0.168831	0.0830389	0.0424606
Pf3D7_09_v3	200689	0.861842	0.912214	0.0125882
Pf3D7_09_v3	202903	0.324675	0.533451	0.116929
Pf3D7_09_v3	203070	0.571429	0.628521	0.00400137
Pf3D7_09_v3	203167	0.571429	0.649648	0.0130676
Pf3D7_09_v3	203959	0.707792	0.651408	0.00450769
Pf3D7_09_v3	207451	0.836538	0.912088	0.0378868
Pf3D7_09_v3	216258	0.136364	0.228873	0.0355162
Pf3D7_09_v3	231520	0.201299	0.253521	0.00541289
Pf3D7_09_v3	265317	0.253247	0.322183	0.0107566
Pf3D7_09_v3	271033	0.214286	0.161972	0.00707738
Pf3D7_09_v3	282708	0.558824	0.498214	0.00496594
Pf3D7_09_v3	282775	0.5	0.400356	0.0243079
Pf3D7_09_v3	282776	0.5	0.400356	0.0243079
Pf3D7_09_v3	283356	0.647887	0.756184	0.0358295
Pf3D7_09_v3	283759	0.412162	0.517606	0.0273155
Pf3D7_09_v3	286075	0.546667	0.659011	0.0327219
Pf3D7_09_v3	302477	0.934211	0.867958	0.0302885
Pf3D7_09_v3	334350	0.697368	0.772887	0.0152003
Pf3D7_09_v3	342101	0.16	0.102837	0.0151122
Pf3D7_09_v3	346014	0.0131579	0.065371	0.0467001
Pf3D7_09_v3	348356	0.0136986	0.0642857	0.0462667
Pf3D7_09_v3	354171	0.186667	0.244718	0.00818712
Pf3D7_09_v3	367185	0.407895	0.342756	0.00709708
Pf3D7_09_v3	370705	0.138158	0.0809859	0.0180861
Pf3D7_09_v3	396324	0.366667	0.425532	0.00461654
Pf3D7_09_v3	397149	0.0328947	0.116197	0.0658189
Pf3D7_09_v3	416759	0.203947	0.272085	0.0125612
Pf3D7_09_v3	419369	0.423611	0.508834	0.0158203
Pf3D7_09_v3	482799	0.322368	0.26773	0.00458285
Pf3D7_09_v3	495301	0.155844	0.10424	0.0115011
Pf3D7_09_v3	511609	0.604478	0.715302	0.035921
Pf3D7_09_v3	512739	0.168831	0.274648	0.0410013
Pf3D7_09_v3	512892	0.025974	0.0774648	0.0328665
Pf3D7_09_v3	547198	0.908451	0.958781	0.024433
Pf3D7_09_v3	586735	0.618421	0.558099	0.00461556
Pf3D7_09_v3	589646	0.776596	0.85687	0.0310334
Pf3D7_09_v3	589649	0.776596	0.858779	0.0330888
Pf3D7_09_v3	595969	0.157534	0.207746	0.00658012
Pf3D7_09_v3	596332	0.868421	0.776408	0.0366485
Pf3D7_09_v3	598872	0.701299	0.762324	0.00790111
Pf3D7_09_v3	599889	0.175325	0.242958	0.0138163
Pf3D7_09_v3	602885	0.474026	0.411661	0.00500525
Pf3D7_09_v3	631776	0.954545	0.878521	0.0485236
Pf3D7_09_v3	664165	0.181818	0.112676	0.0216083
Pf3D7_09_v3	670289	0.111842	0.164894	0.0108477
Pf3D7_09_v3	671222	0.213333	0.294014	0.0192497
Pf3D7_09_v3	677887	0.824675	0.764085	0.0104953
Pf3D7_09_v3	678111	0.175325	0.109155	0.0199675
Pf3D7_09_v3	685626	0.371622	0.491166	0.0365339
Pf3D7_09_v3	686900	0.375	0.458333	0.015301
Pf3D7_09_v3	689176	0.898438	0.950704	0.024036
Pf3D7_09_v3	738710	0.0909091	0.151408	0.0186372
Pf3D7_09_v3	754395	0.205882	0.116667	0.0382875
Pf3D7_09_v3	771645	0.310811	0.421245	0.0316226
Pf3D7_09_v3	772064	0.509615	0.655556	0.0680955
Pf3D7_09_v3	832644	0	0.0627306	0.0902885
Pf3D7_09_v3	845489	0.538961	0.399648	0.0497934
Pf3D7_09_v3	855983	0.149351	0.0883392	0.0196327
Pf3D7_09_v3	873040	0.350649	0.426056	0.011384
Pf3D7_09_v3	885068	0.493056	0.591549	0.0232829
Pf3D7_09_v3	900277	0.243243	0.142349	0.0414961
Pf3D7_09_v3	917264	0.305195	0.369718	0.00737658
Pf3D7_09_v3	934643	0.0743243	0.0176678	0.0475569
Pf3D7_09_v3	951801	0.123377	0.183099	0.0136666
Pf3D7_09_v3	963561	0.025974	0.0862676	0.0434008
Pf3D7_09_v3	963651	0.625	0.679078	0.00305645
Pf3D7_09_v3	974270	0.668831	0.746479	0.0152714
Pf3D7_09_v3	996339	0.772727	0.825704	0.00644329
Pf3D7_09_v3	1005351	0.151316	0.227113	0.0218299
Pf3D7_09_v3	1007900	0.025974	0.0792254	0.0346566
Pf3D7_09_v3	1080391	0.0592105	0.126761	0.0336237
Pf3D7_09_v3	1080655	0.243421	0.332746	0.0225034
Pf3D7_09_v3	1085269	0.441558	0.390845	0.00147236
Pf3D7_09_v3	1129679	0.811688	0.742049	0.0146026
Pf3D7_09_v3	1142303	0.174603	0.30427	0.0666137
Pf3D7_09_v3	1175229	0.0733333	0.0142857	0.0533912
Pf3D7_09_v3	1201941	0.0202703	0.0878136	0.058684
Pf3D7_09_v3	1201952	0.0205479	0.0920578	0.0636593
Pf3D7_09_v3	1201965	0.0205479	0.0953237	0.0680454
Pf3D7_09_v3	1201967	0.0205479	0.0953237	0.0680454
Pf3D7_09_v3	1202321	0.162338	0.107394	0.0127132
Pf3D7_09_v3	1202327	0.162338	0.107394	0.0127132
Pf3D7_09_v3	1202329	0.162338	0.107394	0.0127132
Pf3D7_09_v3	1202331	0.162338	0.107394	0.0127132
Pf3D7_09_v3	1202333	0.162338	0.107394	0.0127132
Pf3D7_09_v3	1202337	0.162338	0.107394	0.0127132
Pf3D7_09_v3	1202340	0.162338	0.107394	0.0127132
Pf3D7_09_v3	1202410	0.305195	0.242958	0.00807937
Pf3D7_09_v3	1202440	0.214286	0.158451	0.00910262
Pf3D7_09_v3	1202447	0.25974	0.18838	0.0154594
Pf3D7_09_v3	1202451	0.25974	0.18662	0.016575
Pf3D7_09_v3	1202452	0.25974	0.18662	0.016575
Pf3D7_09_v3	1202514	0.279221	0.216549	0.00914342
Pf3D7_09_v3	1206669	0.551948	0.475352	0.0111271
Pf3D7_09_v3	1226411	0.425676	0.477032	0.00152109
Pf3D7_09_v3	1239513	0.217391	0.121269	0.0418019
Pf3D7_09_v3	1270380	0.263514	0.40669	0.060872
Pf3D7_09_v3	1282611	0.0194805	0.0739437	0.0422089
Pf3D7_09_v3	1292496	0.0844156	0.0140845	0.0679778
Pf3D7_09_v3	1326676	0.233766	0.165493	0.0150959
Pf3D7_09_v3	1357989	0.311594	0.390845	0.0147548
Pf3D7_09_v3	1401327	0.126667	0.184859	0.0121742
Pf3D7_09_v3	1405681	0.703947	0.815141	0.0425969
Pf3D7_09_v3	1406520	0.697368	0.804577	0.0383155
Pf3D7_09_v3	1406576	0.677632	0.802817	0.0525029
Pf3D7_09_v3	1406631	0.703947	0.804577	0.0332961
Pf3D7_09_v3	1415251	0.164474	0.0985915	0.0215191
Pf3D7_09_v3	1416383	0.0819672	0.0277778	0.0380325
Pf3D7_09_v3	1419048	0.631579	0.71831	0.0193599
Pf3D7_09_v3	1419063	0.638158	0.734155	0.0256465
Pf3D7_09_v3	1427653	0.439189	0.35461	0.0157986
Pf3D7_09_v3	1433621	0.157895	0.260563	0.040185
Pf3D7_09_v3	1437244	0.637097	0.725979	0.0222865
Pf3D7_09_v3	1437346	0.0217391	0.0848057	0.0529781
Pf3D7_09_v3	1468650	0.326667	0.200355	0.0532589
Pf3D7_09_v3	1468656	0.125	0.0744681	0.0141836
Pf3D7_09_v3	1468670	0.16	0.231449	0.0176525
Pf3D7_09_v3	1468676	0.576389	0.673145	0.0237083
Pf3D7_09_v3	1469377	0.173611	0.246454	0.0179632
Pf3D7_10_v3	73509	0.190789	0.280142	0.0260807
Pf3D7_10_v3	87154	0.396104	0.448944	0.00203288
Pf3D7_10_v3	112973	0.175325	0.123239	0.00933879
Pf3D7_10_v3	113505	0.427632	0.492958	0.00641851
Pf3D7_10_v3	113582	0.383117	0.491197	0.0285192
Pf3D7_10_v3	113618	0.396104	0.489437	0.0197457
Pf3D7_10_v3	137081	0.173333	0.28169	0.0430163
Pf3D7_10_v3	146075	0.0263158	0.0950704	0.0536892
Pf3D7_10_v3	152974	0.357143	0.46831	0.031272
Pf3D7_10_v3	155895	0.116883	0.0616197	0.0210882
Pf3D7_10_v3	175674	0.598684	0.716071	0.0378591
Pf3D7_10_v3	188537	0.691781	0.757951	0.00981217
Pf3D7_10_v3	195405	0.358108	0.480496	0.0391177
Pf3D7_10_v3	217543	0.11039	0.163732	0.0116623
Pf3D7_10_v3	217561	0.149351	0.204225	0.00938648
Pf3D7_10_v3	217709	0.357143	0.301056	0.00445599
Pf3D7_10_v3	218459	0.506494	0.390845	0.0333569
Pf3D7_10_v3	223045	0.474026	0.408451	0.00696724
Pf3D7_10_v3	223046	0.474026	0.408451	0.00696724
Pf3D7_10_v3	223064	0.473684	0.397887	0.0113379
Pf3D7_10_v3	223211	0.545455	0.440141	0.0263357
Pf3D7_10_v3	223304	0.551948	0.477113	0.01063
Pf3D7_10_v3	224776	0.824675	0.876761	0.00907212
Pf3D7_10_v3	225629	0.318182	0.385563	0.00880607
Pf3D7_10_v3	238016	0.025974	0.0897887	0.0481905
Pf3D7_10_v3	245105	0.0194805	0.0704225	0.0373253
Pf3D7_10_v3	270983	0.202703	0.137809	0.0158465
Pf3D7_10_v3	313555	0.0844156	0.167845	0.0391476
Pf3D7_10_v3	317581	0.383117	0.440141	0.00365414
Pf3D7_10_v3	325616	0.311688	0.206714	0.0356255
Pf3D7_10_v3	341106	0.474026	0.40669	0.00749293
Pf3D7_10_v3	372920	0.155844	0.213028	0.0102774
Pf3D7_10_v3	382041	0.941558	0.887324	0.0209832
Pf3D7_10_v3	455427	0.6	0.65493	0.00316246
Pf3D7_10_v3	455957	0.902985	0.955674	0.0264544
Pf3D7_10_v3	487745	0.805195	0.75	0.00656665
Pf3D7_10_v3	493833	0.0135135	0.0711744	0.0532679
Pf3D7_10_v3	504499	0.0460526	0.100352	0.0253638
Pf3D7_10_v3	557686	0.429577	0.517606	0.0175021
Pf3D7_10_v3	558456	0.402597	0.484155	0.0137814
Pf3D7_10_v3	558458	0.214286	0.295775	0.0195361
Pf3D7_10_v3	605295	0.363636	0.248239	0.0392017
Pf3D7_10_v3	653138	0.326667	0.238516	0.0217501
Pf3D7_10_v3	657261	0.383117	0.448944	0.00678709
Pf3D7_10_v3	658448	0.532895	0.633803	0.0245886
Pf3D7_10_v3	658468	0.853333	0.927817	0.0355679
Pf3D7_10_v3	661961	0.5	0.600352	0.0240962
Pf3D7_10_v3	669306	0.435065	0.35689	0.0123176
Pf3D7_10_v3	675547	0.844156	0.896127	0.0110818
Pf3D7_10_v3	682381	0.440789	0.498227	0.00322963
Pf3D7_10_v3	714013	0.318182	0.265845	0.00340111
Pf3D7_10_v3	720618	0.0974026	0.0457746	0.0232134
Pf3D7_10_v3	728132	0.302632	0.413732	0.0333226
Pf3D7_10_v3	735409	0.123288	0.0656028	0.0229305
Pf3D7_10_v3	797802	0.123377	0.176056	0.0101108
Pf3D7_10_v3	801619	0.331169	0.274648	0.00479804
Pf3D7_10_v3	817457	0.707792	0.647887	0.00608114
Pf3D7_10_v3	821899	0.75974	0.816901	0.00799997
Pf3D7_10_v3	851692	0.135135	0.0729537	0.0240422
Pf3D7_10_v3	878682	0.37013	0.315141	0.00367548
Pf3D7_10_v3	922020	0.538961	0.602473	0.0058225
Pf3D7_10_v3	927923	0.344595	0.401434	0.0038136
Pf3D7_10_v3	992490	0.448052	0.528169	0.0129564
Pf3D7_10_v3	1030180	0.012987	0.068662	0.0509005
Pf3D7_10_v3	1059618	0.2	0.147687	0.00826615
Pf3D7_10_v3	1063269	0.818182	0.730634	0.0262142
Pf3D7_10_v3	1072688	0.012987	0.0633803	0.0438693
Pf3D7_10_v3	1078306	0.310811	0.244681	0.00992011
Pf3D7_10_v3	1092514	0.116883	0.182624	0.0181529
Pf3D7_10_v3	1093643	0.0666667	0.119485	0.0198873
Pf3D7_10_v3	1111228	0.038961	0.096831	0.0323958
Pf3D7_10_v3	1111441	0.37013	0.496479	0.0407469
Pf3D7_10_v3	1116062	0.136364	0.0809859	0.0171737
Pf3D7_10_v3	1117617	0.11039	0.0600707	0.0181154
Pf3D7_10_v3	1126676	0.368421	0.485816	0.0347965
Pf3D7_10_v3	1138019	0.376623	0.294014	0.0161969
Pf3D7_10_v3	1149278	0.0416667	0.103571	0.0361478
Pf3D7_10_v3	1165445	0.144737	0.0774648	0.0276702
Pf3D7_10_v3	1172279	0.4	0.319788	0.0142682
Pf3D7_10_v3	1172712	0.619718	0.545936	0.0104274
Pf3D7_10_v3	1181683	0.350649	0.190141	0.0856852
Pf3D7_10_v3	1195694	0.417808	0.350352	0.00783436
Pf3D7_10_v3	1228817	0.25	0.19258	0.00767997
Pf3D7_10_v3	1236867	0.305195	0.253521	0.00339517
Pf3D7_10_v3	1258020	0.603896	0.721831	0.0387282
Pf3D7_10_v3	1261451	0.0486111	0.140071	0.0652127
Pf3D7_10_v3	1277622	0	0.0985663	0.137355
Pf3D7_10_v3	1281633	0.526316	0.583333	0.00312631
Pf3D7_10_v3	1283259	0.0333333	0.0851064	0.0290573
Pf3D7_10_v3	1295838	0.142857	0.217314	0.0208451
Pf3D7_10_v3	1316360	0.584416	0.492883	0.0186547
Pf3D7_10_v3	1319002	0.164474	0.228873	0.0127655
Pf3D7_10_v3	1319183	0.111842	0.161922	0.00901021
Pf3D7_10_v3	1325994	0.309859	0.393993	0.0167998
Pf3D7_10_v3	1325996	0.316901	0.393993	0.0129648
Pf3D7_10_v3	1326014	0.0666667	0.119718	0.018488
Pf3D7_10_v3	1326050	0.485507	0.640071	0.0662244
Pf3D7_10_v3	1326055	0.446154	0.583929	0.0522049
Pf3D7_10_v3	1326390	0.253333	0.151408	0.0408432
Pf3D7_10_v3	1336213	0.12987	0.0792254	0.0137698
Pf3D7_10_v3	1339970	0.350649	0.46831	0.0354369
Pf3D7_10_v3	1360448	0.0649351	0.116197	0.0171665
Pf3D7_10_v3	1373309	0.233766	0.295775	0.00801265
Pf3D7_10_v3	1384253	0.324675	0.239437	0.0202473
Pf3D7_10_v3	1387185	0.253247	0.190141	0.0104235
Pf3D7_10_v3	1387280	0.194805	0.132042	0.0148567
Pf3D7_10_v3	1387332	0.162338	0.0704225	0.0527818
Pf3D7_10_v3	1387402	0.253247	0.176056	0.0198191
Pf3D7_10_v3	1387489	0.188312	0.102113	0.037441
Pf3D7_10_v3	1387679	0.0844156	0.0140845	0.0690492
Pf3D7_10_v3	1389367	0.38961	0.31162	0.01375
Pf3D7_10_v3	1391657	0.811688	0.716549	0.0307063
Pf3D7_10_v3	1391660	0.798701	0.716549	0.0211525
Pf3D7_10_v3	1391697	0.824675	0.739437	0.0252742
Pf3D7_10_v3	1391740	0.818182	0.741197	0.0192522
Pf3D7_10_v3	1391748	0.818182	0.748239	0.0150873
Pf3D7_10_v3	1391786	0.12987	0.194346	0.0163694
Pf3D7_10_v3	1391795	0.753247	0.634276	0.0420727
Pf3D7_10_v3	1391800	0.136364	0.194346	0.0118732
Pf3D7_10_v3	1391865	0.772727	0.653169	0.0444106
Pf3D7_10_v3	1391943	0.811688	0.728873	0.0224417
Pf3D7_10_v3	1391973	0.805195	0.713028	0.0280882
Pf3D7_10_v3	1392014	0.896104	0.84331	0.0120313
Pf3D7_10_v3	1392058	0.863636	0.751761	0.0521499
Pf3D7_10_v3	1392146	0.0454545	0.102113	0.0278621
Pf3D7_10_v3	1392353	0.538961	0.429577	0.02927
Pf3D7_10_v3	1392758	0.87013	0.81162	0.0124963
Pf3D7_10_v3	1392773	0.87013	0.809859	0.0135178
Pf3D7_10_v3	1404315	0.155844	0.0918728	0.0214387
Pf3D7_10_v3	1407577	0.175676	0.0229167	0.156313
Pf3D7_10_v3	1407587	0.175676	0.0229167	0.156313
Pf3D7_10_v3	1407606	0.175676	0.0226337	0.157974
Pf3D7_10_v3	1407612	0.162162	0.0226337	0.141182
Pf3D7_10_v3	1407955	0.74026	0.664311	0.0135353
Pf3D7_10_v3	1414525	0.435065	0.371479	0.00591952
Pf3D7_10_v3	1414598	0.0974026	0.153169	0.0144864
Pf3D7_10_v3	1449581	0.11039	0.04947	0.0300491
Pf3D7_10_v3	1498888	0.1	0.158582	0.0169726
Pf3D7_10_v3	1509426	0.142857	0.260563	0.0559885
Pf3D7_10_v3	1554604	0.305556	0.383094	0.0132327
Pf3D7_10_v3	1569780	0.298701	0.153169	0.0794447
Pf3D7_10_v3	1570149	0.402597	0.334507	0.00858311
Pf3D7_10_v3	1570337	0.155844	0.103873	0.0112094
Pf3D7_11_v3	111368	0.492424	0.595406	0.0270051
Pf3D7_11_v3	120479	0.149351	0.0862676	0.0217705
Pf3D7_11_v3	120959	0.357143	0.234982	0.0459482
Pf3D7_11_v3	124031	0.480519	0.427817	0.00185223
Pf3D7_11_v3	185697	0.285714	0.211268	0.0151728
Pf3D7_11_v3	199970	0.11039	0.0475352	0.033399
Pf3D7_11_v3	254752	0.88961	0.836268	0.0118261
Pf3D7_11_v3	281726	0.24026	0.316901	0.0155332
Pf3D7_11_v3	301858	0.116883	0.172535	0.0122588
Pf3D7_11_v3	306911	0.298701	0.233216	0.0100633
Pf3D7_11_v3	324903	0.25974	0.323944	0.008412
Pf3D7_11_v3	327925	0.188312	0.130282	0.01212
Pf3D7_11_v3	334682	0.166667	0.25	0.0249651
Pf3D7_11_v3	389066	0.0974026	0.158451	0.0185205
Pf3D7_11_v3	408566	0.525974	0.461268	0.00604704
Pf3D7_11_v3	408643	0.512987	0.440141	0.00947439
Pf3D7_11_v3	408668	0.512987	0.427817	0.0153301
Pf3D7_11_v3	422769	0.0974026	0.0457746	0.0237158
Pf3D7_11_v3	433376	0.184211	0.130282	0.0103464
Pf3D7_11_v3	449093	0.664474	0.573944	0.0194203
Pf3D7_11_v3	454669	0.485714	0.553191	0.00756912
Pf3D7_11_v3	456689	0.00684932	0.0742049	0.0788199
Pf3D7_11_v3	473241	0.773333	0.65669	0.0429229
Pf3D7_11_v3	492772	0.175325	0.230634	0.00795584
Pf3D7_11_v3	494717	0.12987	0.181338	0.00883778
Pf3D7_11_v3	505092	0.123377	0.0616197	0.0270964
Pf3D7_11_v3	510466	0.0974026	0.0440141	0.0253612
Pf3D7_11_v3	528561	0.388158	0.325704	0.00643617
Pf3D7_11_v3	582168	0.145833	0.0931559	0.0124096
Pf3D7_11_v3	592511	0.824675	0.75265	0.0197909
Pf3D7_11_v3	683965	0.236842	0.18617	0.00480196
Pf3D7_11_v3	694933	0.467532	0.373239	0.0206918
Pf3D7_11_v3	696098	0.694805	0.806338	0.0418038
Pf3D7_11_v3	719742	0.123377	0.221631	0.0426329
Pf3D7_11_v3	723137	0.135135	0.0757042	0.0211635
Pf3D7_11_v3	723280	0.409091	0.346429	0.00598228
Pf3D7_11_v3	730314	0.171053	0.107394	0.0183024
Pf3D7_11_v3	731654	0.12987	0.068662	0.0246579
Pf3D7_11_v3	733525	0.188312	0.265018	0.0181938
Pf3D7_11_v3	753550	0.337838	0.425532	0.0180355
Pf3D7_11_v3	768205	0.0779221	0.164311	0.0446104
Pf3D7_11_v3	769741	0.292208	0.221831	0.0126979
Pf3D7_11_v3	787953	0.267123	0.351064	0.0180144
Pf3D7_11_v3	812065	0.227273	0.306338	0.0171287
Pf3D7_11_v3	815621	0.266234	0.178445	0.0264345
Pf3D7_11_v3	822260	0.0844156	0.15669	0.0294176
Pf3D7_11_v3	865260	0.0890411	0.177419	0.0436936
Pf3D7_11_v3	901177	0.564935	0.514085	0.00133388
Pf3D7_11_v3	902534	0.292208	0.22007	0.0134754
Pf3D7_11_v3	911081	0.222222	0.394834	0.0924657
Pf3D7_11_v3	918588	0.954545	0.84331	0.0896333
Pf3D7_11_v3	942790	0.701299	0.640845	0.00605628
Pf3D7_11_v3	987190	0.649351	0.776408	0.0505461
Pf3D7_11_v3	999375	0.446154	0.626786	0.0933797
Pf3D7_11_v3	1008835	0.753247	0.696113	0.0060266
Pf3D7_11_v3	1018965	0.331169	0.264085	0.00969169
Pf3D7_11_v3	1019333	0.10274	0.171429	0.023122
Pf3D7_11_v3	1020630	0.61039	0.661972	0.00230533
Pf3D7_11_v3	1033750	0.345588	0.436396	0.0204185
Pf3D7_11_v3	1038075	0.427632	0.371479	0.00363539
Pf3D7_11_v3	1038582	0.0526316	0.110915	0.0267159
Pf3D7_11_v3	1043346	0.462264	0.55283	0.0207517
Pf3D7_11_v3	1045775	0.0724638	0.139493	0.0296761
Pf3D7_11_v3	1052660	0.0789474	0.139576	0.0210713
Pf3D7_11_v3	1057437	0.0958904	0.170819	0.0293042
Pf3D7_11_v3	1058035	0.0692308	0.147273	0.0422093
Pf3D7_11_v3	1084422	0.25	0.183099	0.0133307
Pf3D7_11_v3	1100269	0.805195	0.864437	0.0124162
Pf3D7_11_v3	1114979	0.350649	0.408451	0.00432054
Pf3D7_11_v3	1120267	0.22	0.275801	0.00640929
Pf3D7_11_v3	1126115	0.644737	0.517668	0.0421293
Pf3D7_11_v3	1132096	0.837662	0.731449	0.0425
Pf3D7_11_v3	1181093	0.657534	0.721831	0.00799011
Pf3D7_11_v3	1209400	0.453947	0.397527	0.00326645
Pf3D7_11_v3	1263156	0.233766	0.177817	0.00788515
Pf3D7_11_v3	1280218	0.0684932	0.0177936	0.0398228
Pf3D7_11_v3	1355726	0.25	0.397527	0.0678798
Pf3D7_11_v3	1382197	0.677632	0.775801	0.0287241
Pf3D7_11_v3	1385066	0.0616438	0.137993	0.0415679
Pf3D7_11_v3	1443302	0.11039	0.161972	0.0106279
Pf3D7_11_v3	1475279	0.105263	0.161972	0.0146075
Pf3D7_11_v3	1484887	0.0519481	0.103873	0.0215025
Pf3D7_11_v3	1529778	0.720779	0.670775	0.00261469
Pf3D7_11_v3	1605781	0.012987	0.0739437	0.0582277
Pf3D7_11_v3	1621852	0.25	0.314286	0.00911816
Pf3D7_11_v3	1637299	0.0921053	0.144366	0.0132351
Pf3D7_11_v3	1639314	0.369863	0.433692	0.0060631
Pf3D7_11_v3	1640263	0.376623	0.309859	0.00878633
Pf3D7_11_v3	1640555	0.357143	0.302817	0.00402307
Pf3D7_11_v3	1640669	0.649351	0.702465	0.00335308
Pf3D7_11_v3	1640767	0.467105	0.380282	0.0165573
Pf3D7_11_v3	1645378	0.123377	0.0721831	0.0155516
Pf3D7_11_v3	1646797	0.311688	0.242958	0.0113556
Pf3D7_11_v3	1655530	0.62987	0.711268	0.0161268
Pf3D7_11_v3	1677370	0.201299	0.139085	0.0137129
Pf3D7_11_v3	1686825	0.0844156	0.14841	0.0229114
Pf3D7_11_v3	1715987	0.927632	0.992908	0.0727267
Pf3D7_11_v3	1737726	0.0714286	0.128975	0.0205921
Pf3D7_11_v3	1741217	0.194805	0.139085	0.0102094
Pf3D7_11_v3	1807591	0.681818	0.744718	0.00806111
Pf3D7_11_v3	1807598	0.668831	0.742049	0.0127182
Pf3D7_11_v3	1807616	0.675325	0.736749	0.00711399
Pf3D7_11_v3	1807633	0.675325	0.742049	0.00959819
Pf3D7_11_v3	1807675	0.305195	0.225352	0.0176456
Pf3D7_11_v3	1811834	0.74026	0.818021	0.0197575
Pf3D7_11_v3	1814488	0.0328947	0.0989399	0.0444223
Pf3D7_11_v3	1816229	0.74026	0.681338	0.00636206
Pf3D7_11_v3	1835103	0.1	0.15493	0.0137858
Pf3D7_11_v3	1843744	0.0405405	0.0957447	0.0292982
Pf3D7_11_v3	1858391	0.06	0.135563	0.041276
Pf3D7_11_v3	1864433	0.103896	0.0387324	0.0392908
Pf3D7_11_v3	1865755	0.142857	0.0792254	0.0240432
Pf3D7_11_v3	1866928	0.383117	0.27993	0.0287648
Pf3D7_11_v3	1885415	0.402597	0.454225	0.00204907
Pf3D7_11_v3	1935051	0.896104	0.961268	0.0410622
Pf3D7_11_v3	1935227	0.805195	0.867491	0.0150038
Pf3D7_11_v3	1983978	0.0974026	0.0352113	0.0389258
Pf3D7_11_v3	1985942	0.11039	0.056338	0.0214525
Pf3D7_11_v3	1985951	0.113333	0.056338	0.0243821
Pf3D7_11_v3	1985984	0.0986842	0.0440141	0.0260544
Pf3D7_11_v3	1986122	0.12987	0.0774648	0.0151672
Pf3D7_11_v3	1986214	0.266667	0.330986	0.00847419
Pf3D7_11_v3	1986217	0.266667	0.330986	0.00847419
Pf3D7_11_v3	2001118	0.513699	0.567138	0.00227474
Pf3D7_11_v3	2001345	0.707792	0.647163	0.00618757
Pf3D7_12_v3	90666	0.409091	0.327465	0.0148618
Pf3D7_12_v3	96155	0.402597	0.485915	0.0149201
Pf3D7_12_v3	96157	0.402597	0.489437	0.0166723
Pf3D7_12_v3	96388	0.407895	0.459507	0.00214669
Pf3D7_12_v3	114173	0.410959	0.480357	0.00807231
Pf3D7_12_v3	125749	0.139706	0.204301	0.0159465
Pf3D7_12_v3	128975	0.116071	0.175277	0.0159561
Pf3D7_12_v3	158287	0	0.0516014	0.0679926
Pf3D7_12_v3	176660	0.792208	0.890845	0.0465897
Pf3D7_12_v3	201213	0.0584416	0.119718	0.0276021
Pf3D7_12_v3	233486	0.0909091	0.0352113	0.0315789
Pf3D7_12_v3	319999	0.214286	0.163732	0.00596648
Pf3D7_12_v3	320260	0.701299	0.621479	0.0149045
Pf3D7_12_v3	350796	0.538961	0.609155	0.00907329
Pf3D7_12_v3	362721	0.162338	0.0475352	0.0920377
Pf3D7_12_v3	372080	0.603896	0.663732	0.00519485
Pf3D7_12_v3	379979	0.736842	0.804577	0.0128809
Pf3D7_12_v3	381954	0.157895	0.102113	0.013117
Pf3D7_12_v3	398954	0.146667	0.0936396	0.0129136
Pf3D7_12_v3	418827	0.266234	0.184859	0.0213157
Pf3D7_12_v3	440232	0.113333	0.0480427	0.0355735
Pf3D7_12_v3	492095	0.623377	0.690141	0.00856186
Pf3D7_12_v3	560653	0.168831	0.0669014	0.064677
Pf3D7_12_v3	617072	0.0522388	0.117647	0.0357484
Pf3D7_12_v3	649400	0.448052	0.552817	0.026154
Pf3D7_12_v3	657680	0.0714286	0.126761	0.0190718
Pf3D7_12_v3	659792	0.194805	0.109155	0.0352341
Pf3D7_12_v3	659920	0.227273	0.139085	0.0314512
Pf3D7_12_v3	659938	0.623377	0.698944	0.0126839
Pf3D7_12_v3	700725	0.0363636	0.109434	0.0589999
Pf3D7_12_v3	701956	0.727273	0.786972	0.00773488
Pf3D7_12_v3	712962	0.130137	0.184397	0.0101047
Pf3D7_12_v3	718443	0.0657895	0.119718	0.0191329
Pf3D7_12_v3	739074	0.152778	0.270609	0.0551379
Pf3D7_12_v3	742392	0.730263	0.869718	0.080081
Pf3D7_12_v3	742928	0.0779221	0.139576	0.0221299
Pf3D7_12_v3	748910	0.025974	0.0809859	0.037403
Pf3D7_12_v3	762130	0.038961	0.0897887	0.0251843
Pf3D7_12_v3	762526	0.0779221	0.128521	0.0143687
Pf3D7_12_v3	803229	0.350649	0.28169	0.0100751
Pf3D7_12_v3	817730	0.453947	0.536972	0.0142389
Pf3D7_12_v3	857245	0.311688	0.362676	0.00226122
Pf3D7_12_v3	874605	0.16	0.109541	0.00987832
Pf3D7_12_v3	892971	0.561644	0.466549	0.0210681
Pf3D7_12_v3	911955	0.142857	0.0897887	0.0138032
Pf3D7_12_v3	913124	0.506494	0.455986	0.00125214
Pf3D7_12_v3	942525	0.467532	0.371479	0.0213574
Pf3D7_12_v3	994506	0.168831	0.0933099	0.030278
Pf3D7_12_v3	1005145	0.266234	0.213028	0.00543412
Pf3D7_12_v3	1014714	0.716216	0.662544	0.00369287
Pf3D7_12_v3	1014752	0.527778	0.425795	0.0250298
Pf3D7_12_v3	1033765	0.125	0.197183	0.0226592
Pf3D7_12_v3	1060171	0.0909091	0.0158451	0.0730769
Pf3D7_12_v3	1068436	0.285714	0.228873	0.00600617
Pf3D7_12_v3	1100564	0.149351	0.205986	0.0100014
Pf3D7_12_v3	1119627	0.164179	0.230909	0.0151315
Pf3D7_12_v3	1130385	0.246753	0.18662	0.00939162
Pf3D7_12_v3	1131606	0.453947	0.399648	0.00315281
Pf3D7_12_v3	1137244	0	0.056338	0.0752326
Pf3D7_12_v3	1139353	0	0.0600707	0.082587
Pf3D7_12_v3	1162825	0.0454545	0.105634	0.0325775
Pf3D7_12_v3	1166166	0.0649351	0.135563	0.0339808
Pf3D7_12_v3	1170496	0.103896	0.0528169	0.0193681
Pf3D7_12_v3	1172208	0.201389	0.256272	0.00668802
Pf3D7_12_v3	1173605	0.142857	0.0739437	0.0300849
Pf3D7_12_v3	1183319	0.397059	0.452899	0.00247354
Pf3D7_12_v3	1184925	0.423729	0.547794	0.043205
Pf3D7_12_v3	1197378	0.0779221	0.0265018	0.0328783
Pf3D7_12_v3	1216848	0.00704225	0.0773381	0.0830549
Pf3D7_12_v3	1221310	0.0909091	0.0193662	0.063658
Pf3D7_12_v3	1224146	0.0454545	0.153169	0.0846558
Pf3D7_12_v3	1231143	0.129032	0.0486891	0.0541736
Pf3D7_12_v3	1344342	0.805195	0.871025	0.0174039
Pf3D7_12_v3	1360904	0.0779221	0.0246479	0.0353417
Pf3D7_12_v3	1362616	0.153333	0.208481	0.00919021
Pf3D7_12_v3	1378724	0.0779221	0.140071	0.0223927
Pf3D7_12_v3	1411651	0.838028	0.948029	0.0858377
Pf3D7_12_v3	1415954	0.232394	0.316901	0.0208427
Pf3D7_12_v3	1415981	0.716667	0.804577	0.0286395
Pf3D7_12_v3	1438610	0.0909091	0.0228873	0.0556962
Pf3D7_12_v3	1473256	0.0131579	0.0633803	0.0439305
Pf3D7_12_v3	1481708	0.0519481	0.105634	0.0229099
Pf3D7_12_v3	1491876	0.188312	0.135563	0.00872682
Pf3D7_12_v3	1503030	0.123377	0.0704225	0.0176947
Pf3D7_12_v3	1503033	0.123377	0.0704225	0.0176947
Pf3D7_12_v3	1515249	0.0454545	0.0985915	0.0244962
Pf3D7_12_v3	1516147	0.38961	0.439929	0.00158872
Pf3D7_12_v3	1523026	0.921053	0.864437	0.0189538
Pf3D7_12_v3	1541425	0.253247	0.190141	0.0105071
Pf3D7_12_v3	1546066	0.0131579	0.0689046	0.0509565
Pf3D7_12_v3	1552730	0.233766	0.352113	0.042892
Pf3D7_12_v3	1560552	0.394737	0.305654	0.0195555
Pf3D7_12_v3	1652943	0.194805	0.125	0.0204101
Pf3D7_12_v3	1653113	0.181818	0.128521	0.0097875
Pf3D7_12_v3	1660616	0.24026	0.295775	0.00512979
Pf3D7_12_v3	1661867	0.506667	0.43838	0.00801856
Pf3D7_12_v3	1662107	0.805195	0.878521	0.023692
Pf3D7_12_v3	1662491	0.705479	0.776408	0.0131742
Pf3D7_12_v3	1662640	0.125	0.177817	0.00989776
Pf3D7_12_v3	1667498	0.35	0.464286	0.0345344
Pf3D7_12_v3	1675449	0.038961	0.0915493	0.0273288
Pf3D7_12_v3	1747290	0.181818	0.125	0.0115344
Pf3D7_12_v3	1750319	0.155405	0.103203	0.0116607
Pf3D7_12_v3	1776228	0.753846	0.823105	0.015413
Pf3D7_12_v3	1787279	0.184211	0.242857	0.00907563
Pf3D7_12_v3	1788816	0.164474	0.232143	0.0149064
Pf3D7_12_v3	1859918	0.11039	0.163732	0.0114186
Pf3D7_12_v3	1865181	0.0779221	0.0193662	0.0460263
Pf3D7_12_v3	1903406	0.138889	0.195255	0.00992158
Pf3D7_12_v3	1942476	0.00806452	0.0719557	0.0756558
Pf3D7_12_v3	1965029	0.0909091	0.158451	0.0245913
Pf3D7_12_v3	2035308	0.0197368	0.0862676	0.0574975
Pf3D7_12_v3	2038610	0.103896	0.155477	0.0110919
Pf3D7_12_v3	2045903	0.0649351	0.123214	0.0231573
Pf3D7_12_v3	2068510	0.0844156	0.146127	0.021398
Pf3D7_12_v3	2068833	0.292208	0.223592	0.0119729
Pf3D7_12_v3	2092969	0.415584	0.514085	0.0227099
Pf3D7_12_v3	2103547	0.16	0.262324	0.0397025
Pf3D7_12_v3	2121549	0.118182	0.215613	0.0507111
Pf3D7_12_v3	2150695	0.578947	0.706714	0.0453868
Pf3D7_12_v3	2155095	0.292208	0.241197	0.00338571
Pf3D7_13_v3	92637	0.324675	0.450704	0.0423705
Pf3D7_13_v3	92800	0.422078	0.524648	0.0246191
Pf3D7_13_v3	93019	0.519481	0.446996	0.00930652
Pf3D7_13_v3	109859	0.439189	0.379433	0.0048167
Pf3D7_13_v3	112828	0.276316	0.170213	0.0409988
Pf3D7_13_v3	146745	0.383117	0.441901	0.00405502
Pf3D7_13_v3	146895	0.538961	0.598592	0.00466276
Pf3D7_13_v3	150114	0.286765	0.376325	0.021462
Pf3D7_13_v3	155025	0.188312	0.263251	0.0175034
Pf3D7_13_v3	155246	0.519481	0.580986	0.00538972
Pf3D7_13_v3	155834	0.269737	0.320423	0.00281571
Pf3D7_13_v3	156176	0.279221	0.380282	0.0274986
Pf3D7_13_v3	156247	0.233766	0.304577	0.0123433
Pf3D7_13_v3	156363	0.105263	0.170775	0.0203311
Pf3D7_13_v3	156602	0.322368	0.411972	0.0193984
Pf3D7_13_v3	156689	0.642857	0.544014	0.023472
Pf3D7_13_v3	156793	0.276316	0.397887	0.0421538
Pf3D7_13_v3	156814	0.38961	0.512324	0.0379676
Pf3D7_13_v3	194874	0.772059	0.847518	0.0218207
Pf3D7_13_v3	238541	0.0958904	0.151408	0.0152818
Pf3D7_13_v3	256854	0.331169	0.389085	0.00448964
Pf3D7_13_v3	301446	0.662338	0.610915	0.00241127
Pf3D7_13_v3	302053	0.616883	0.68838	0.0106133
Pf3D7_13_v3	302992	0.279221	0.338028	0.00605533
Pf3D7_13_v3	310114	0.0454545	0.096831	0.0234119
Pf3D7_13_v3	315401	0.292208	0.363475	0.0105759
Pf3D7_13_v3	315647	0.331081	0.4319	0.0255299
Pf3D7_13_v3	367468	0.571429	0.5	0.00920817
Pf3D7_13_v3	375865	0.520833	0.459507	0.00512896
Pf3D7_13_v3	387135	0	0.0510563	0.06886
Pf3D7_13_v3	387472	0.253333	0.34629	0.0243413
Pf3D7_13_v3	388986	0.558442	0.471831	0.0160711
Pf3D7_13_v3	389148	0.0974026	0.197183	0.0509734
Pf3D7_13_v3	400162	0.464912	0.705882	0.138521
Pf3D7_13_v3	402693	0.0592105	0.114437	0.0224677
Pf3D7_13_v3	409220	0.162338	0.110915	0.010053
Pf3D7_13_v3	409339	0.0649351	0.125	0.0247073
Pf3D7_13_v3	410605	0.0810811	0.0217391	0.0446632
Pf3D7_13_v3	443479	0.52027	0.570922	0.00117982
Pf3D7_13_v3	472038	0.298701	0.373239	0.0121278
Pf3D7_13_v3	488263	0.123377	0.0721831	0.0153889
Pf3D7_13_v3	536730	0.131579	0.0780142	0.0158399
Pf3D7_13_v3	542106	0.350649	0.276408	0.0126541
Pf3D7_13_v3	564975	0.256579	0.140569	0.0545865
Pf3D7_13_v3	576501	0.697368	0.750883	0.00464298
Pf3D7_13_v3	585306	0.461039	0.512324	0.00172072
Pf3D7_13_v3	585350	0.188312	0.133803	0.00964305
Pf3D7_13_v3	594877	0.309211	0.366197	0.0042794
Pf3D7_13_v3	625988	0.223684	0.172535	0.00554108
Pf3D7_13_v3	629898	0.678082	0.55694	0.0396967
Pf3D7_13_v3	667340	0.00675676	0.0803571	0.0865754
Pf3D7_13_v3	722300	0.103896	0.0492958	0.0243892
Pf3D7_13_v3	738765	0.973333	0.90636	0.0515116
Pf3D7_13_v3	743560	0.418919	0.477032	0.0037454
Pf3D7_13_v3	755741	0.0194805	0.0880282	0.0596649
Pf3D7_13_v3	767738	0.532258	0.472222	0.003961
Pf3D7_13_v3	776656	0.12987	0.189286	0.0131179
Pf3D7_13_v3	785145	0.0649351	0.116197	0.0171936
Pf3D7_13_v3	785310	0.0584416	0.133803	0.0413939
Pf3D7_13_v3	801722	0.460938	0.583333	0.0395684
Pf3D7_13_v3	837587	0.0909091	0.0334507	0.0343457
Pf3D7_13_v3	851465	0.0394737	0.0915493	0.0260901
Pf3D7_13_v3	862548	0.0526316	0.133803	0.0503838
Pf3D7_13_v3	869846	0.0197368	0.0809859	0.0511523
Pf3D7_13_v3	872241	0.157895	0.211268	0.00765148
Pf3D7_13_v3	876934	0.572368	0.521201	0.00130861
Pf3D7_13_v3	916736	0.0844156	0.140845	0.0176387
Pf3D7_13_v3	934650	0.106667	0.213781	0.0554073
Pf3D7_13_v3	935882	0.311688	0.237676	0.0138515
Pf3D7_13_v3	942436	0.220779	0.283451	0.00896754
Pf3D7_13_v3	953193	0.0273973	0.0857143	0.0405177
Pf3D7_13_v3	956051	0.256579	0.323322	0.0100099
Pf3D7_13_v3	976005	0.272727	0.327465	0.00442763
Pf3D7_13_v3	986866	0.0887097	0.1787	0.0495925
Pf3D7_13_v3	1004916	0.02	0.0878136	0.0581056
Pf3D7_13_v3	1007666	0.272727	0.346831	0.0125505
Pf3D7_13_v3	1026856	0.268519	0.442688	0.0968456
Pf3D7_13_v3	1029613	0.0263158	0.0797872	0.0355407
Pf3D7_13_v3	1041970	0.157895	0.209507	0.00663572
Pf3D7_13_v3	1119383	0.0131579	0.0827465	0.0703149
Pf3D7_13_v3	1143883	0.885714	0.948944	0.0338714
Pf3D7_13_v3	1155025	0.722222	0.792419	0.014692
Pf3D7_13_v3	1200911	0.152778	0.235915	0.0266088
Pf3D7_13_v3	1228864	0.844156	0.896127	0.0114646
Pf3D7_13_v3	1230403	0.168831	0.262324	0.0315414
Pf3D7_13_v3	1255528	0.396104	0.300353	0.0233807
Pf3D7_13_v3	1265571	0.616883	0.552817	0.00599573
Pf3D7_13_v3	1267633	0.188312	0.110915	0.0286777
Pf3D7_13_v3	1330092	0.194805	0.140845	0.00851671
Pf3D7_13_v3	1341364	0.398649	0.482332	0.0149188
Pf3D7_13_v3	1359289	0.532468	0.639085	0.0281492
Pf3D7_13_v3	1359833	0.292208	0.239437	0.00447199
Pf3D7_13_v3	1394842	0.720779	0.820423	0.0345326
Pf3D7_13_v3	1395115	0.25	0.177817	0.0166301
Pf3D7_13_v3	1404127	0.720779	0.649648	0.0114569
Pf3D7_13_v3	1406131	0.217105	0.146127	0.0190525
Pf3D7_13_v3	1419290	0.0779221	0.132042	0.0165209
Pf3D7_13_v3	1419415	0.376623	0.440141	0.00632878
Pf3D7_13_v3	1419424	0.538961	0.484155	0.00288831
Pf3D7_13_v3	1419448	0.707792	0.823944	0.0480071
Pf3D7_13_v3	1419451	0.318182	0.375	0.00437663
Pf3D7_13_v3	1460100	0.038961	0.0915493	0.0264343
Pf3D7_13_v3	1465099	0.123377	0.0580986	0.0308662
Pf3D7_13_v3	1465176	0.415584	0.304577	0.0328954
Pf3D7_13_v3	1465341	0.428571	0.359155	0.00888742
Pf3D7_13_v3	1465494	0.307143	0.25089	0.00567008
Pf3D7_13_v3	1465500	0.243243	0.328014	0.0199097
Pf3D7_13_v3	1465677	0.272727	0.216549	0.00621031
Pf3D7_13_v3	1465686	0.12	0.182624	0.0166621
Pf3D7_13_v3	1465688	0.12	0.181979	0.0162887
Pf3D7_13_v3	1465713	0.313333	0.396127	0.0163978
Pf3D7_13_v3	1465729	0.0855263	0.165493	0.036983
Pf3D7_13_v3	1465752	0.246575	0.309187	0.00881623
Pf3D7_13_v3	1465791	0.636986	0.580986	0.00377263
Pf3D7_13_v3	1466084	0.649351	0.711268	0.00696687
Pf3D7_13_v3	1466219	0.292208	0.382042	0.0209016
Pf3D7_13_v3	1466231	0.74026	0.809859	0.0147354
Pf3D7_13_v3	1466237	0.383117	0.447183	0.00668594
Pf3D7_13_v3	1466252	0.220779	0.304577	0.020705
Pf3D7_13_v3	1466327	0.428571	0.360915	0.00800285
Pf3D7_13_v3	1466351	0.623377	0.498239	0.0405184
Pf3D7_13_v3	1466422	0.246753	0.158451	0.0294971
Pf3D7_13_v3	1466484	0.454545	0.399648	0.00317962
Pf3D7_13_v3	1498553	0.606667	0.508865	0.0221585
Pf3D7_13_v3	1534528	0.00649351	0.0673759	0.0675204
Pf3D7_13_v3	1565368	0.0273973	0.0803571	0.0350607
Pf3D7_13_v3	1569303	0.487013	0.369718	0.0348718
Pf3D7_13_v3	1591447	0.0530303	0.252669	0.207302
Pf3D7_13_v3	1595988	0.75974	0.700704	0.00666253
Pf3D7_13_v3	1611108	0.168831	0.0774648	0.0490836
Pf3D7_13_v3	1611299	0.103896	0.190141	0.0371884
Pf3D7_13_v3	1615644	0.0194805	0.0757042	0.0444506
Pf3D7_13_v3	1661966	0.519481	0.602113	0.0140898
Pf3D7_13_v3	1686596	0.0194805	0.0812721	0.0510571
Pf3D7_13_v3	1717461	0.038961	0.096831	0.0322075
Pf3D7_13_v3	1748251	0.909091	0.84507	0.0216593
Pf3D7_13_v3	1750965	0.227273	0.292254	0.00970204
Pf3D7_13_v3	1774926	0.545455	0.491197	0.00244162
Pf3D7_13_v3	1792386	0.0902778	0.0338078	0.034802
Pf3D7_13_v3	1827570	0.324675	0.230634	0.026197
Pf3D7_13_v3	1833552	0.728571	0.657244	0.012014
Pf3D7_13_v3	1876423	0.467532	0.556338	0.017224
Pf3D7_13_v3	1884716	0.0945946	0.0340502	0.0372379
Pf3D7_13_v3	1960122	0.910959	0.857394	0.0142648
Pf3D7_13_v3	1967310	0.0392157	0.114504	0.0610672
Pf3D7_13_v3	1970443	0.486842	0.581272	0.0200769
Pf3D7_13_v3	1990375	0.0657895	0.121479	0.0214155
Pf3D7_13_v3	1995595	0.409091	0.47007	0.00494269
Pf3D7_13_v3	2067739	0.1	0.04947	0.0219969
Pf3D7_13_v3	2070556	0.546875	0.658363	0.0348562
Pf3D7_13_v3	2072570	0.0131579	0.0633803	0.0435979
Pf3D7_13_v3	2087678	0.311688	0.235915	0.0147747
Pf3D7_13_v3	2094311	0.104167	0.0531915	0.0200247
Pf3D7_13_v3	2102434	0.583333	0.5125	0.00907952
Pf3D7_13_v3	2110966	0.733766	0.790493	0.00714924
Pf3D7_13_v3	2114168	0.108108	0.173759	0.0205222
Pf3D7_13_v3	2114339	0.720779	0.625	0.0245189
Pf3D7_13_v3	2124676	0.551948	0.491197	0.00497382
Pf3D7_13_v3	2124825	0.25	0.148936	0.0403525
Pf3D7_13_v3	2179835	0.256579	0.306738	0.00287312
Pf3D7_13_v3	2182517	0.0324675	0.084507	0.0297033
Pf3D7_13_v3	2257919	0.838028	0.894366	0.0141146
Pf3D7_13_v3	2300842	0.201299	0.121479	0.0285319
Pf3D7_13_v3	2309427	0.664474	0.714789	0.002824
Pf3D7_13_v3	2342565	0.362319	0.487589	0.0425107
Pf3D7_13_v3	2342841	0.398551	0.476868	0.0126429
Pf3D7_13_v3	2360342	0.0324675	0.0827465	0.0276598
Pf3D7_13_v3	2372908	0.0194805	0.0792254	0.0485252
Pf3D7_13_v3	2374289	0.233766	0.161348	0.0178208
Pf3D7_13_v3	2415386	0.231884	0.407143	0.0970876
Pf3D7_13_v3	2422766	0.939189	0.84629	0.0595555
Pf3D7_13_v3	2467772	0.138889	0.0714286	0.031966
Pf3D7_13_v3	2506752	0.00769231	0.067029	0.0687232
Pf3D7_13_v3	2526475	0.149351	0.219081	0.0175018
Pf3D7_13_v3	2529464	0.337662	0.394366	0.00415815
Pf3D7_13_v3	2541529	0.0588235	0.186833	0.105575
Pf3D7_13_v3	2542603	0.448052	0.528169	0.0129187
Pf3D7_13_v3	2549622	0.106667	0.170775	0.0198822
Pf3D7_13_v3	2550299	0.62069	0.675472	0.00301742
Pf3D7_13_v3	2557082	0.732759	0.800725	0.014501
Pf3D7_13_v3	2569646	0.62987	0.575704	0.00248707
Pf3D7_13_v3	2572875	0.145833	0.0866426	0.0188402
Pf3D7_13_v3	2575636	0.361842	0.461268	0.0241029
Pf3D7_13_v3	2576647	0.388158	0.332746	0.0036395
Pf3D7_13_v3	2606427	0.177632	0.118375	0.0149983
Pf3D7_13_v3	2613800	0.298701	0.227113	0.0133953
Pf3D7_13_v3	2640170	0.0933333	0.169643	0.0317616
Pf3D7_13_v3	2647048	0.0779221	0.0264085	0.0326033
Pf3D7_13_v3	2667319	0.08	0.165493	0.0441363
Pf3D7_13_v3	2667325	0.0789474	0.162544	0.0422318
Pf3D7_13_v3	2668749	0.203704	0.332075	0.0627268
Pf3D7_13_v3	2690580	0.146667	0.072695	0.0347496
Pf3D7_13_v3	2692122	0.651515	0.72242	0.0119585
Pf3D7_13_v3	2706928	0.155844	0.0954064	0.0180107
Pf3D7_13_v3	2734059	0.201299	0.112676	0.0370061
Pf3D7_13_v3	2734136	0.266234	0.176056	0.0284823
Pf3D7_13_v3	2734599	0.766234	0.825088	0.00944765
Pf3D7_13_v3	2735298	0.181818	0.130282	0.00870054
Pf3D7_13_v3	2788579	0.789474	0.846831	0.00999983
Pf3D7_14_v3	48951	0.0974026	0.0283688	0.0516754
Pf3D7_14_v3	75894	0.73913	0.790036	0.00461145
Pf3D7_14_v3	106972	0.331169	0.431338	0.0249765
Pf3D7_14_v3	112128	0.0704225	0.139405	0.0313193
Pf3D7_14_v3	144379	0.282895	0.336268	0.00374372
Pf3D7_14_v3	201791	0.594595	0.70318	0.0322081
Pf3D7_14_v3	204017	0.151316	0.223592	0.0187265
Pf3D7_14_v3	265958	0.282258	0.346442	0.00743357
Pf3D7_14_v3	273365	0.0454545	0.100352	0.0265014
Pf3D7_14_v3	288315	0.0410959	0.144876	0.0855402
Pf3D7_14_v3	303046	0.149351	0.315141	0.101493
Pf3D7_14_v3	334976	0.415584	0.47007	0.00278177
Pf3D7_14_v3	338936	0.171053	0.114437	0.0129484
Pf3D7_14_v3	339650	0.331169	0.399648	0.00893781
Pf3D7_14_v3	344754	0	0.0721831	0.0979014
Pf3D7_14_v3	371613	0.0519481	0.125	0.0415682
Pf3D7_14_v3	371725	0.402597	0.482394	0.0131568
Pf3D7_14_v3	372417	0.0616438	0.141844	0.0453019
Pf3D7_14_v3	377103	0.65873	0.840502	0.127027
Pf3D7_14_v3	377819	0.726027	0.778169	0.00472497
Pf3D7_14_v3	384239	0.116883	0.0656028	0.0170204
Pf3D7_14_v3	393389	0.038961	0.096831	0.0325074
Pf3D7_14_v3	407610	0.305195	0.239437	0.00981998
Pf3D7_14_v3	420628	0.792208	0.850352	0.0107286
Pf3D7_14_v3	420866	0.474026	0.399293	0.0106182
Pf3D7_14_v3	439454	0.415584	0.519573	0.0251218
Pf3D7_14_v3	442134	0.318182	0.399648	0.0152568
Pf3D7_14_v3	453738	0.324675	0.242958	0.0179697
Pf3D7_14_v3	459575	0.136364	0.070922	0.0278242
Pf3D7_14_v3	475506	0.0789474	0.169014	0.0477931
Pf3D7_14_v3	501766	0.333333	0.420863	0.0180523
Pf3D7_14_v3	522058	0.921569	0.973783	0.0386504
Pf3D7_14_v3	522062	0.923077	0.973783	0.0361097
Pf3D7_14_v3	535679	0.0608108	0.121908	0.027108
Pf3D7_14_v3	564339	0.717105	0.772887	0.00618584
Pf3D7_14_v3	584492	0.012987	0.0651408	0.0466174
Pf3D7_14_v3	602104	0.328947	0.259717	0.0107769
Pf3D7_14_v3	619274	0.175325	0.112676	0.0169897
Pf3D7_14_v3	662837	0.0405405	0.0925267	0.0261177
Pf3D7_14_v3	672021	0.896104	0.948944	0.0232276
Pf3D7_14_v3	683666	0.266234	0.202465	0.0108316
Pf3D7_14_v3	711335	0.144737	0.196113	0.00766462
Pf3D7_14_v3	762777	0.402597	0.491166	0.0172087
Pf3D7_14_v3	771541	0.590909	0.498239	0.019216
Pf3D7_14_v3	809810	0.0733333	0.127208	0.0178145
Pf3D7_14_v3	844557	0.0779221	0.128975	0.0144922
Pf3D7_14_v3	868461	0.698529	0.802536	0.0373009
Pf3D7_14_v3	872715	0.448052	0.517606	0.00793727
Pf3D7_14_v3	873938	0.0723684	0.137809	0.0269383
Pf3D7_14_v3	873953	0.572464	0.629433	0.00377042
Pf3D7_14_v3	875807	0.197183	0.253571	0.00706687
Pf3D7_14_v3	901969	0.173333	0.120141	0.0104803
Pf3D7_14_v3	904091	0.381944	0.515845	0.0479575
Pf3D7_14_v3	904801	0.125	0.0721831	0.0168858
Pf3D7_14_v3	914115	0.214286	0.158451	0.00921586
Pf3D7_14_v3	918720	0.233766	0.167254	0.013991
Pf3D7_14_v3	923269	0.792208	0.860915	0.017627
Pf3D7_14_v3	951411	0.850649	0.911972	0.020349
Pf3D7_14_v3	951534	0.769841	0.833333	0.0135187
Pf3D7_14_v3	963117	0.0714286	0.12234	0.0158561
Pf3D7_14_v3	1032012	0.0266667	0.0830389	0.0389963
Pf3D7_14_v3	1034024	0.412162	0.308244	0.0282169
Pf3D7_14_v3	1034851	0.901316	0.830986	0.0250954
Pf3D7_14_v3	1038043	0.0324675	0.084507	0.0291891
Pf3D7_14_v3	1093460	0.736842	0.68662	0.00290211
Pf3D7_14_v3	1106139	0.328947	0.390459	0.00539109
Pf3D7_14_v3	1124984	0.607143	0.657706	0.0017668
Pf3D7_14_v3	1157294	0.902597	0.820423	0.0346288
Pf3D7_14_v3	1163426	0.0608108	0.116487	0.0216985
Pf3D7_14_v3	1166314	0.38961	0.498239	0.0285888
Pf3D7_14_v3	1173363	0.194805	0.100352	0.0450813
Pf3D7_14_v3	1182721	0.645833	0.586879	0.00493507
Pf3D7_14_v3	1199242	0.454545	0.392606	0.00582048
Pf3D7_14_v3	1202249	0.675325	0.727113	0.00322591
Pf3D7_14_v3	1203801	0.103896	0.0510563	0.0218248
Pf3D7_14_v3	1208963	0.147887	0.0872727	0.019756
Pf3D7_14_v3	1227455	0.201299	0.277385	0.0172222
Pf3D7_14_v3	1232619	0.824675	0.772887	0.00586076
Pf3D7_14_v3	1234647	0.217105	0.267606	0.00390978
Pf3D7_14_v3	1273223	0.0866667	0.0194346	0.0588602
Pf3D7_14_v3	1332746	0.294521	0.240214	0.00470009
Pf3D7_14_v3	1334365	0.422078	0.515845	0.0198846
Pf3D7_14_v3	1362090	0.409091	0.292553	0.0370776
Pf3D7_14_v3	1389488	0.0214286	0.0729537	0.0381471
Pf3D7_14_v3	1438616	0.292208	0.214789	0.0166145
Pf3D7_14_v3	1452674	0.16	0.0809859	0.0372292
Pf3D7_14_v3	1479886	0.818182	0.894366	0.0281967
Pf3D7_14_v3	1481872	0.155844	0.103873	0.0109741
Pf3D7_14_v3	1482057	0.138158	0.084507	0.014773
Pf3D7_14_v3	1524250	0.802632	0.875	0.0218922
Pf3D7_14_v3	1550691	0.87013	0.772085	0.0412408
Pf3D7_14_v3	1553266	0.593333	0.688612	0.022606
Pf3D7_14_v3	1562642	0.181818	0.272887	0.0279944
Pf3D7_14_v3	1598512	0.888158	0.950704	0.0323064
Pf3D7_14_v3	1661325	0.655844	0.738516	0.0175726
Pf3D7_14_v3	1666117	0.361842	0.469965	0.028942
Pf3D7_14_v3	1669663	0.0625	0.175627	0.0826407
Pf3D7_14_v3	1671175	0.11039	0.172535	0.0168041
Pf3D7_14_v3	1671537	0.311688	0.367958	0.00414415
Pf3D7_14_v3	1688259	0.0974026	0.0334507	0.0423108
Pf3D7_14_v3	1688373	0.0844156	0.0316901	0.0302575
Pf3D7_14_v3	1748662	0.253247	0.320423	0.00954597
Pf3D7_14_v3	1812953	0.116883	0.0651408	0.0166358
Pf3D7_14_v3	1814686	0.487013	0.551056	0.00569087
Pf3D7_14_v3	1817108	0.675325	0.735915	0.00683345
Pf3D7_14_v3	1819017	0.842105	0.730634	0.0476272
Pf3D7_14_v3	1823182	0.116883	0.0633803	0.0186869
Pf3D7_14_v3	1921536	0.611842	0.530035	0.0141542
Pf3D7_14_v3	1951386	0.0675676	0.0141844	0.0469919
Pf3D7_14_v3	1956202	0.603896	0.544014	0.00464804
Pf3D7_14_v3	1984830	0.149351	0.084507	0.0231823
Pf3D7_14_v3	1984927	0.25974	0.197183	0.00990199
Pf3D7_14_v3	1992095	0.454545	0.387324	0.00713222
Pf3D7_14_v3	1994835	0.103896	0.0510563	0.0221928
Pf3D7_14_v3	1994906	0.324675	0.391844	0.00775101
Pf3D7_14_v3	2004493	0.285714	0.34629	0.00626982
Pf3D7_14_v3	2004549	0.409091	0.301056	0.0310178
Pf3D7_14_v3	2004740	0.227273	0.130282	0.0404365
Pf3D7_14_v3	2022712	0.285714	0.18838	0.0320843
Pf3D7_14_v3	2032299	0.0214286	0.0824373	0.0504993
Pf3D7_14_v3	2040909	0.901316	0.968198	0.0460495
Pf3D7_14_v3	2060776	0.331169	0.242958	0.0218878
Pf3D7_14_v3	2128849	0.768657	0.830389	0.0118946
Pf3D7_14_v3	2129480	0.162338	0.100352	0.0185133
Pf3D7_14_v3	2151020	0.304054	0.356383	0.00266837
Pf3D7_14_v3	2159328	0.0197368	0.0729537	0.0405297
Pf3D7_14_v3	2164225	0.422078	0.357394	0.00669651
Pf3D7_14_v3	2174359	0.0974026	0.0352113	0.0386213
Pf3D7_14_v3	2174809	0.118421	0.065371	0.0184164
Pf3D7_14_v3	2181369	0.526316	0.466431	0.00480997
Pf3D7_14_v3	2181371	0.532895	0.473498	0.00455197
Pf3D7_14_v3	2186277	0.217105	0.137324	0.0260811
Pf3D7_14_v3	2260617	0.227273	0.292254	0.00977713
Pf3D7_14_v3	2260647	0.577922	0.681338	0.0273938
Pf3D7_14_v3	2260783	0.24026	0.158451	0.0243082
Pf3D7_14_v3	2296880	0.24026	0.139085	0.0419982
Pf3D7_14_v3	2331595	0.038961	0.107394	0.0442811
Pf3D7_14_v3	2354254	0.162338	0.0985915	0.0201132
Pf3D7_14_v3	2355751	0.440789	0.515845	0.0103239
Pf3D7_14_v3	2356431	0.123377	0.184859	0.0156956
Pf3D7_14_v3	2370965	0.125	0.0706714	0.0182279
Pf3D7_14_v3	2379269	0.256944	0.315094	0.00550934
Pf3D7_14_v3	2387866	0.572368	0.519435	0.00196457
Pf3D7_14_v3	2398676	0.116883	0.0457746	0.0429326
Pf3D7_14_v3	2406952	0.586667	0.641844	0.00298671
Pf3D7_14_v3	2407867	0.0909091	0.0371025	0.0289908
Pf3D7_14_v3	2428984	0.18	0.239437	0.00962705
Pf3D7_14_v3	2493622	0.471014	0.570144	0.0232513
Pf3D7_14_v3	2535762	0.12987	0.186833	0.0114085
Pf3D7_14_v3	2536485	0.37013	0.432862	0.00563234
Pf3D7_14_v3	2610899	0.188312	0.121479	0.0189982
Pf3D7_14_v3	2671772	0.328947	0.435943	0.0292017
Pf3D7_14_v3	2695875	0.292208	0.204225	0.0241093
Pf3D7_14_v3	2711549	0.214286	0.15669	0.0103386
Pf3D7_14_v3	2715129	0.564935	0.642606	0.0124302
Pf3D7_14_v3	2733494	0.298701	0.169014	0.0609443
Pf3D7_14_v3	2733656	0.714286	0.588028	0.0448774
Pf3D7_14_v3	2773313	0.188312	0.103873	0.035065
Pf3D7_14_v3	2845773	0.181818	0.272887	0.0282365
Pf3D7_14_v3	2846037	0.207792	0.276408	0.0128142
Pf3D7_14_v3	2857426	0.567164	0.671378	0.0293265
Pf3D7_14_v3	2859114	0.564935	0.505282	0.00444596
Pf3D7_14_v3	2917441	0.157534	0.219858	0.0126411
Pf3D7_14_v3	2945674	0.0208333	0.0827338	0.0506063
Pf3D7_14_v3	2948076	0.142857	0.0897887	0.0134052
Pf3D7_14_v3	2951640	0.227273	0.290493	0.00913433
Pf3D7_14_v3	2954801	0.766234	0.830986	0.0130235
Pf3D7_14_v3	2975468	0.318182	0.389085	0.00980659
Pf3D7_14_v3	3002194	0.123377	0.190141	0.0186939
Pf3D7_14_v3	3009347	0.103896	0.170775	0.0213704
Pf3D7_14_v3	3014048	0.61039	0.672535	0.00601184
Pf3D7_14_v3	3017749	0.532468	0.473592	0.00389192
Pf3D7_14_v3	3028596	0.414474	0.360424	0.00267483
Pf3D7_14_v3	3035854	0.702703	0.793594	0.025674
Pf3D7_14_v3	3044236	0.780822	0.88172	0.0471264
Pf3D7_14_v3	3044526	0.306667	0.246403	0.00671475
Pf3D7_14_v3	3044825	0.24026	0.182624	0.00808276
Pf3D7_14_v3	3044871	0.269737	0.183929	0.02438
Pf3D7_14_v3	3055920	0.38961	0.332746	0.00410244
Pf3D7_14_v3	3121092	0.644737	0.704225	0.0060324
Pf3D7_14_v3	3121113	0.025974	0.0774648	0.0334417
Pf3D7_14_v3	3121290	0.168831	0.262324	0.0315414
Pf3D7_14_v3	3121362	0.493421	0.579225	0.0155697
Pf3D7_14_v3	3121436	0.168831	0.238434	0.0155043
Pf3D7_14_v3	3121522	0.363636	0.450704	0.0169261
Pf3D7_14_v3	3131379	0.103896	0.183099	0.0307834
Pf3D7_14_v3	3131485	0.0649351	0.137324	0.0359575
Pf3D7_14_v3	3131605	0.185714	0.308929	0.0546448
Pf3D7_14_v3	3189430	0.43662	0.540493	0.0266289
Pf3D7_14_v3	3189536	0.486486	0.558099	0.00897811
Pf3D7_14_v3	3193348	0.305195	0.376761	0.0106026
Pf3D7_14_v3	3193676	0.22973	0.308099	0.0171577
Pf3D7_14_v3	3193685	0.222973	0.308099	0.0213533
Pf3D7_14_v3	3193695	0.216216	0.308099	0.0262345
Pf3D7_14_v3	3193696	0.216216	0.308099	0.0262345
Pf3D7_14_v3	3193703	0.212329	0.308099	0.029332
Pf3D7_14_v3	3193706	0.212329	0.308099	0.029332
Pf3D7_14_v3	3216443	0.0921053	0.163121	0.0269371
Pf3D7_14_v3	3216512	0.357143	0.269366	0.0199709
Pf3D7_14_v3	3255607	0.662338	0.724382	0.00691824
