Pf3D7_01_v3	145515	0.251761	0.179641	0.012777
Pf3D7_01_v3	145682	0.411972	0.483434	0.00779642
Pf3D7_01_v3	155939	0.681338	0.734277	0.0041546
Pf3D7_01_v3	155977	0.687279	0.74127	0.00450224
Pf3D7_01_v3	155978	0.687279	0.74127	0.00450224
Pf3D7_01_v3	167899	0.464789	0.411315	0.00317838
Pf3D7_01_v3	179969	0.674296	0.615772	0.00474169
Pf3D7_01_v3	180054	0.274648	0.186242	0.0191237
Pf3D7_01_v3	180170	0.471831	0.380952	0.0140048
Pf3D7_01_v3	180174	0.463028	0.379252	0.0115241
Pf3D7_01_v3	180175	0.463028	0.380952	0.0109379
Pf3D7_01_v3	180181	0.461268	0.385135	0.00900987
Pf3D7_01_v3	180186	0.838028	0.769492	0.0120685
Pf3D7_01_v3	180192	0.357394	0.280405	0.0108901
Pf3D7_01_v3	180233	0.288732	0.211864	0.0129377
Pf3D7_01_v3	180264	0.390845	0.336177	0.00360164
Pf3D7_01_v3	180270	0.389085	0.338983	0.00257503
Pf3D7_01_v3	193667	0.596831	0.510972	0.0121291
Pf3D7_01_v3	205066	0.373239	0.26569	0.0234266
Pf3D7_01_v3	238688	0.658451	0.732733	0.0104841
Pf3D7_01_v3	266480	0.610915	0.532028	0.0097307
Pf3D7_01_v3	309042	0.262324	0.151198	0.0347178
Pf3D7_01_v3	384985	0.223827	0.147059	0.0168518
Pf3D7_01_v3	387722	0.725746	0.79003	0.00870043
Pf3D7_01_v3	414870	0.21831	0.141566	0.0172791
Pf3D7_01_v3	496881	0.338028	0.408714	0.00818231
Pf3D7_01_v3	496885	0.336268	0.416318	0.0111391
Pf3D7_01_v3	496887	0.338028	0.420502	0.0119196
Pf3D7_01_v3	498090	0.690141	0.598712	0.0150735
Pf3D7_01_v3	499500	0.371479	0.280992	0.0154848
Pf3D7_01_v3	499530	0.382979	0.299145	0.0125079
Pf3D7_01_v3	501421	0.230634	0.3	0.00977219
Pf3D7_01_v3	501515	0.40493	0.465046	0.0048002
Pf3D7_01_v3	528108	0.401408	0.345515	0.00386337
Pf3D7_01_v3	528238	0.413732	0.318937	0.0165274
Pf3D7_01_v3	534946	0.570423	0.62945	0.00464791
Pf3D7_01_v3	547959	0.114815	0.0638978	0.0142958
Pf3D7_02_v3	109729	0.219081	0.276946	0.00639971
Pf3D7_02_v3	167317	0.341549	0.427928	0.0131572
Pf3D7_02_v3	200552	0.325088	0.272575	0.00375048
Pf3D7_02_v3	200872	0.180851	0.237201	0.00685895
Pf3D7_02_v3	323022	0.193662	0.143657	0.00594016
Pf3D7_02_v3	379046	0.492958	0.573801	0.0102791
Pf3D7_02_v3	414616	0.554577	0.501718	0.00283168
Pf3D7_02_v3	501530	0.780142	0.720721	0.00690241
Pf3D7_02_v3	503169	0.494718	0.562874	0.00682987
Pf3D7_02_v3	517408	0.224014	0.158951	0.0111173
Pf3D7_02_v3	549049	0.380282	0.316456	0.00633396
Pf3D7_02_v3	629066	0.160211	0.107407	0.00909531
Pf3D7_02_v3	629375	0.112676	0.163569	0.00767535
Pf3D7_02_v3	630726	0.450704	0.390578	0.00485065
Pf3D7_02_v3	631190	0.134276	0.187126	0.00747662
Pf3D7_02_v3	646122	0.205986	0.152997	0.0068104
Pf3D7_02_v3	666154	0.397163	0.307808	0.015306
Pf3D7_02_v3	666391	0.229779	0.170213	0.00853325
Pf3D7_02_v3	671972	0.737676	0.788922	0.00475495
Pf3D7_02_v3	792272	0.440141	0.384731	0.00383652
Pf3D7_02_v3	805001	0.558099	0.494012	0.00573879
Pf3D7_02_v3	841513	0.306738	0.241379	0.00775883
Pf3D7_02_v3	841515	0.306738	0.242424	0.007403
Pf3D7_02_v3	841795	0.44306	0.38	0.00511321
Pf3D7_02_v3	841800	0.442857	0.381048	0.00476043
Pf3D7_02_v3	841819	0.713781	0.623506	0.0153556
Pf3D7_02_v3	842699	0.147163	0.0960265	0.00951377
Pf3D7_02_v3	843096	0.310284	0.370607	0.00540674
Pf3D7_02_v3	855632	0.274823	0.202492	0.0116916
Pf3D7_02_v3	855655	0.242908	0.186916	0.00667784
Pf3D7_02_v3	855656	0.242908	0.186916	0.00667784
Pf3D7_03_v3	92397	0.34331	0.403427	0.00505755
Pf3D7_03_v3	108339	0.0369718	0.0874587	0.0190716
Pf3D7_03_v3	140582	0.218861	0.154297	0.0110362
Pf3D7_03_v3	143613	0.169014	0.103279	0.0155002
Pf3D7_03_v3	175238	0.123239	0.0718563	0.0124268
Pf3D7_03_v3	224851	0.338028	0.40991	0.00852375
Pf3D7_03_v3	273124	0.591549	0.643713	0.00316568
Pf3D7_03_v3	358276	0.306338	0.243644	0.00680785
Pf3D7_03_v3	358370	0.40669	0.281853	0.0310944
Pf3D7_03_v3	360119	0.35689	0.305723	0.00337169
Pf3D7_03_v3	383262	0.475	0.417665	0.00409998
Pf3D7_03_v3	417468	0.280357	0.336957	0.004826
Pf3D7_03_v3	452795	0.208481	0.156794	0.00609922
Pf3D7_03_v3	472007	0.505282	0.443598	0.00508706
Pf3D7_03_v3	489823	0.278169	0.225225	0.00487679
Pf3D7_03_v3	501455	0.536122	0.603077	0.00654395
Pf3D7_03_v3	501458	0.534221	0.604294	0.00742994
Pf3D7_03_v3	507451	0.424296	0.369403	0.00335458
Pf3D7_03_v3	511434	0.5	0.550613	0.00254938
Pf3D7_03_v3	514954	0.096831	0.0449102	0.0178103
Pf3D7_03_v3	553643	0.553903	0.498397	0.00346654
Pf3D7_03_v3	561220	0.747331	0.671687	0.0112694
Pf3D7_03_v3	586679	0.420495	0.342342	0.0103955
Pf3D7_03_v3	679524	0.678571	0.619697	0.00501598
Pf3D7_03_v3	717928	0.371025	0.424342	0.00322503
Pf3D7_03_v3	812699	0.204225	0.148333	0.00798602
Pf3D7_03_v3	878750	0.262324	0.211078	0.00476369
Pf3D7_03_v3	882386	0.162544	0.0780781	0.0308724
Pf3D7_03_v3	891679	0.56162	0.621257	0.00480233
Pf3D7_03_v3	916639	0.799296	0.72291	0.0132762
Pf3D7_03_v3	950974	0.090106	0.142216	0.0105063
Pf3D7_04_v3	92597	0.253571	0.192424	0.00819362
Pf3D7_04_v3	92612	0.230496	0.175227	0.00686341
Pf3D7_04_v3	93405	0.806338	0.878743	0.0171537
Pf3D7_04_v3	138308	0.443662	0.507485	0.00555814
Pf3D7_04_v3	140510	0.591549	0.513423	0.00960664
Pf3D7_04_v3	140725	0.4947	0.391941	0.0183531
Pf3D7_04_v3	191167	0.452465	0.371988	0.0108309
Pf3D7_04_v3	228005	0.691901	0.636228	0.00441362
Pf3D7_04_v3	241092	0.859431	0.917665	0.0144862
Pf3D7_04_v3	267687	0.52993	0.473765	0.00367536
Pf3D7_04_v3	282524	0.418728	0.306557	0.0242831
Pf3D7_04_v3	284311	0.637324	0.724806	0.0145532
Pf3D7_04_v3	287297	0.0827465	0.137771	0.0127059
Pf3D7_04_v3	287310	0.653169	0.747664	0.0185174
Pf3D7_04_v3	354536	0.183099	0.13255	0.00676719
Pf3D7_04_v3	356566	0.232394	0.178423	0.00586162
Pf3D7_04_v3	362687	0.43838	0.513473	0.00879017
Pf3D7_04_v3	420049	0.279736	0.35689	0.0105917
Pf3D7_04_v3	420218	0.145161	0.0939394	0.0098357
Pf3D7_04_v3	443633	0.148936	0.0972696	0.00961551
Pf3D7_04_v3	443634	0.148936	0.0972696	0.00961551
Pf3D7_04_v3	443641	0.150709	0.0979381	0.0100364
Pf3D7_04_v3	472651	0.068662	0.125	0.0151124
Pf3D7_04_v3	501523	0.190141	0.137462	0.00746798
Pf3D7_04_v3	514993	0.271127	0.350769	0.0120699
Pf3D7_04_v3	520967	0.8327	0.78254	0.00540296
Pf3D7_04_v3	525012	0.0567376	0.13024	0.0291329
Pf3D7_04_v3	538971	0.150206	0.201863	0.00644174
Pf3D7_04_v3	544673	0.262324	0.325301	0.00700233
Pf3D7_04_v3	544744	0.227915	0.159639	0.0123995
Pf3D7_04_v3	623794	0.269366	0.215415	0.00485986
Pf3D7_04_v3	637993	0.214789	0.15	0.0113515
Pf3D7_04_v3	683072	0.540636	0.610526	0.00719762
Pf3D7_04_v3	691961	0.596831	0.538922	0.00432762
Pf3D7_04_v3	738775	0.545775	0.641768	0.0164373
Pf3D7_04_v3	745471	0.135563	0.0823353	0.0120025
Pf3D7_04_v3	748239	0.603873	0.748466	0.0443569
Pf3D7_04_v3	748262	0.644366	0.765432	0.0321924
Pf3D7_04_v3	764832	0.132042	0.242331	0.0368934
Pf3D7_04_v3	766795	0.716549	0.628399	0.0150326
Pf3D7_04_v3	773196	0.298587	0.355049	0.00460354
Pf3D7_04_v3	792225	0.197183	0.258258	0.00805107
Pf3D7_04_v3	792236	0.644366	0.582583	0.00551922
Pf3D7_04_v3	797761	0.628114	0.557325	0.00768444
Pf3D7_04_v3	797792	0.616071	0.539557	0.00927143
Pf3D7_04_v3	805165	0.484155	0.429641	0.00338369
Pf3D7_04_v3	807861	0.0689046	0.132132	0.0194477
Pf3D7_04_v3	813649	0.142606	0.0810811	0.0165933
Pf3D7_04_v3	818014	0.0742049	0.151198	0.0269271
Pf3D7_04_v3	841884	0.371479	0.303347	0.00734189
Pf3D7_04_v3	850002	0.662791	0.736364	0.0102239
Pf3D7_04_v3	856082	0.0880282	0.148649	0.0148892
Pf3D7_04_v3	863381	0.494718	0.424658	0.00711799
Pf3D7_04_v3	863561	0.498239	0.427509	0.00720041
Pf3D7_04_v3	865912	0.141844	0.0863636	0.0126049
Pf3D7_04_v3	879682	0.25813	0.181467	0.0136502
Pf3D7_04_v3	887796	0.197509	0.250751	0.00551146
Pf3D7_04_v3	887989	0.65669	0.744012	0.0156644
Pf3D7_04_v3	887994	0.630742	0.684685	0.00401399
Pf3D7_04_v3	888001	0.214789	0.162651	0.00631597
Pf3D7_04_v3	888892	0.261484	0.202096	0.00735138
Pf3D7_04_v3	891051	0.229682	0.163366	0.0111894
Pf3D7_04_v3	897165	0.278169	0.224458	0.00504553
Pf3D7_04_v3	900957	0.552817	0.490228	0.00517403
Pf3D7_04_v3	901429	0.223214	0.273585	0.00410918
Pf3D7_04_v3	907571	0.591549	0.532308	0.00457686
Pf3D7_04_v3	920566	0.280919	0.215361	0.00888361
Pf3D7_04_v3	925978	0.068662	0.0176056	0.028221
Pf3D7_04_v3	987893	0.632727	0.555556	0.00912355
Pf3D7_04_v3	988680	0.700704	0.601923	0.0183306
Pf3D7_04_v3	988749	0.720848	0.650376	0.00855328
Pf3D7_04_v3	989043	0.782918	0.710843	0.0106436
Pf3D7_04_v3	989044	0.798932	0.73506	0.00831901
Pf3D7_04_v3	989906	0.181338	0.119355	0.0122792
Pf3D7_04_v3	990088	0.272887	0.180212	0.021452
Pf3D7_04_v3	990103	0.267606	0.189716	0.0142618
Pf3D7_04_v3	990152	0.273852	0.179931	0.0220787
Pf3D7_04_v3	990877	0.167254	0.115635	0.0083495
Pf3D7_04_v3	991858	0.172535	0.241486	0.0118592
Pf3D7_04_v3	991881	0.167254	0.224771	0.0078929
Pf3D7_04_v3	993222	0.485915	0.422256	0.00562969
Pf3D7_04_v3	993272	0.46831	0.400612	0.0067543
Pf3D7_04_v3	999679	0.48289	0.42236	0.0047349
Pf3D7_04_v3	1002051	0.698944	0.634731	0.00678477
Pf3D7_04_v3	1035251	0.19788	0.119355	0.0201322
Pf3D7_04_v3	1037822	0.378521	0.444649	0.00612891
Pf3D7_04_v3	1043476	0.138889	0.233434	0.0267085
Pf3D7_04_v3	1071662	0.146127	0.198198	0.00690603
Pf3D7_04_v3	1121457	0.838028	0.774242	0.0103249
Pf3D7_04_v3	1134777	0.335689	0.269231	0.00782073
Pf3D7_04_v3	1136938	0.0759717	0.0256024	0.0237283
Pf3D7_04_v3	1137262	0.436293	0.526316	0.0134327
Pf3D7_04_v3	1137276	0.437262	0.537855	0.0174762
Pf3D7_04_v3	1137285	0.311321	0.434251	0.0294168
Pf3D7_04_v3	1137298	0.430712	0.501603	0.00737067
Pf3D7_04_v3	1137348	0.443396	0.532895	0.0131275
Pf3D7_05_v3	88791	0.397887	0.478916	0.0107878
Pf3D7_05_v3	92675	0.769366	0.7	0.0097746
Pf3D7_05_v3	95628	0.871479	0.813253	0.0102238
Pf3D7_05_v3	98322	0.152174	0.224398	0.0144411
Pf3D7_05_v3	130764	0.107394	0.0568862	0.0141984
Pf3D7_05_v3	131223	0.12766	0.0742424	0.0131247
Pf3D7_05_v3	132201	0.385563	0.45509	0.00738935
Pf3D7_05_v3	144161	0.565141	0.498471	0.00627425
Pf3D7_05_v3	191785	0.0706714	0.0120482	0.0397962
Pf3D7_05_v3	192222	0.728873	0.673554	0.00423274
Pf3D7_05_v3	202752	0.43838	0.521352	0.0108935
Pf3D7_05_v3	213086	0.711268	0.650155	0.00600214
Pf3D7_05_v3	286660	0.147887	0.0918803	0.0118117
Pf3D7_05_v3	323247	0.996296	0.9	0.0888548
Pf3D7_05_v3	369646	0.369258	0.443144	0.00848628
Pf3D7_05_v3	391061	0.542254	0.606178	0.00530361
Pf3D7_05_v3	396039	0.568662	0.623779	0.00358921
Pf3D7_05_v3	476920	0.838028	0.781627	0.00779054
Pf3D7_05_v3	530776	0.234155	0.317771	0.0148547
Pf3D7_05_v3	550283	0.514085	0.412651	0.0180619
Pf3D7_05_v3	615926	0.786972	0.696108	0.0189795
Pf3D7_05_v3	643899	0.28169	0.227134	0.00530662
Pf3D7_05_v3	668910	0.705986	0.641479	0.00676258
Pf3D7_05_v3	679125	0.681979	0.733434	0.00379657
Pf3D7_05_v3	679970	0.607394	0.548896	0.00440044
Pf3D7_05_v3	680094	0.160777	0.213355	0.0064251
Pf3D7_05_v3	694497	0.152439	0.226984	0.015372
Pf3D7_05_v3	750723	0.722628	0.798246	0.0128254
Pf3D7_05_v3	753400	0.181338	0.113772	0.0156188
Pf3D7_05_v3	756972	0.212014	0.158133	0.00705579
Pf3D7_05_v3	806315	0.230634	0.15861	0.0138288
Pf3D7_05_v3	897486	0.4	0.47006	0.00753606
Pf3D7_05_v3	921893	0.471831	0.407407	0.00578252
Pf3D7_05_v3	929884	0.625	0.575	0.00234302
Pf3D7_05_v3	931606	0.29682	0.186722	0.0297402
Pf3D7_05_v3	958145	0.200704	0.119697	0.0216467
Pf3D7_05_v3	966314	0.882042	0.796099	0.0241718
Pf3D7_05_v3	1007688	0	0.060423	0.0593148
Pf3D7_05_v3	1027900	0.480565	0.425982	0.0034585
Pf3D7_05_v3	1188659	0.505282	0.564873	0.00438778
Pf3D7_05_v3	1204155	0.433099	0.369048	0.00579184
Pf3D7_05_v3	1217053	0.778169	0.828846	0.00516202
Pf3D7_05_v3	1218266	0	0.0584906	0.0563399
Pf3D7_05_v3	1237394	0.630742	0.681682	0.0032056
Pf3D7_05_v3	1271257	0.48227	0.431034	0.00252341
Pf3D7_05_v3	1273649	0.15	0.0962264	0.0104346
Pf3D7_05_v3	1274281	0.40493	0.330935	0.00881182
Pf3D7_05_v3	1301680	0.577465	0.474474	0.0186984
Pf3D7_05_v3	1303868	0.21831	0.137725	0.0195427
Pf3D7_05_v3	1308825	0.211268	0.155689	0.00771499
Pf3D7_06_v3	114533	0.40669	0.468563	0.00524692
Pf3D7_06_v3	116977	0.445423	0.386228	0.00458812
Pf3D7_06_v3	261661	0.313208	0.244745	0.00900651
Pf3D7_06_v3	285246	0.373239	0.315152	0.00490069
Pf3D7_06_v3	315733	0.677817	0.734234	0.00511025
Pf3D7_06_v3	409954	0.554577	0.501597	0.00298407
Pf3D7_06_v3	528066	0.603873	0.546547	0.00417483
Pf3D7_06_v3	528171	0.308099	0.396707	0.0146108
Pf3D7_06_v3	624269	0.658451	0.740964	0.0136358
Pf3D7_06_v3	624289	0.625442	0.689189	0.0064928
Pf3D7_06_v3	634139	0.245583	0.173358	0.0127218
Pf3D7_06_v3	647767	0.710247	0.773649	0.00771709
Pf3D7_06_v3	649022	0.147887	0.20903	0.00988898
Pf3D7_06_v3	681253	0.280142	0.345808	0.00745139
Pf3D7_06_v3	681463	0.457407	0.521212	0.00555927
Pf3D7_06_v3	682567	0.40681	0.33179	0.00945926
Pf3D7_06_v3	805100	0.514184	0.462575	0.0028235
Pf3D7_06_v3	825473	0.545775	0.431138	0.023626
Pf3D7_06_v3	835044	0.226619	0.169304	0.00762399
Pf3D7_06_v3	836560	0.269366	0.214062	0.00568434
Pf3D7_06_v3	884526	0.4125	0.354839	0.00432883
Pf3D7_06_v3	900278	0.0757042	0.0194611	0.0322154
Pf3D7_06_v3	950878	0.0865724	0.0344311	0.0212566
Pf3D7_06_v3	959321	0.182624	0.13253	0.00691278
Pf3D7_06_v3	1026969	0.446996	0.372754	0.00886506
Pf3D7_06_v3	1047197	0.927817	0.875375	0.012839
Pf3D7_06_v3	1111541	0.330389	0.27027	0.00598295
Pf3D7_06_v3	1111582	0.241993	0.296407	0.00496759
Pf3D7_06_v3	1114564	0.170213	0.101246	0.0174838
Pf3D7_06_v3	1114587	0.241197	0.141975	0.0287959
Pf3D7_06_v3	1114625	0.242958	0.152905	0.0226876
Pf3D7_06_v3	1114928	0.172535	0.115512	0.0103994
Pf3D7_06_v3	1114951	0.172535	0.111475	0.0125307
Pf3D7_06_v3	1115311	0.123239	0.0618375	0.0194177
Pf3D7_06_v3	1115372	0.176056	0.121479	0.00882257
Pf3D7_06_v3	1115453	0.184859	0.121053	0.0128294
Pf3D7_06_v3	1116101	0.192171	0.132616	0.0100694
Pf3D7_06_v3	1116314	0.196113	0.143103	0.00706554
Pf3D7_06_v3	1151994	0.240283	0.183051	0.00706747
Pf3D7_06_v3	1160472	0.253521	0.196049	0.00673102
Pf3D7_06_v3	1206498	0.429577	0.480263	0.00241745
Pf3D7_06_v3	1223570	0.135563	0.0778443	0.0148927
Pf3D7_06_v3	1238196	0.187279	0.095092	0.0319521
Pf3D7_06_v3	1239644	0.114841	0.061747	0.0148493
Pf3D7_06_v3	1268325	0.399648	0.342105	0.00435195
Pf3D7_06_v3	1268778	0.329787	0.271028	0.00551038
Pf3D7_06_v3	1268898	0.443662	0.361702	0.0113853
Pf3D7_06_v3	1268919	0.455986	0.376133	0.0105859
Pf3D7_06_v3	1273022	0.681338	0.63024	0.00324159
Pf3D7_06_v3	1280801	0.316901	0.25976	0.00540975
Pf3D7_06_v3	1282691	0.644366	0.540541	0.0196796
Pf3D7_06_v3	1282748	0.646127	0.561377	0.0124526
Pf3D7_06_v3	1283024	0.744718	0.688623	0.005194
Pf3D7_06_v3	1283063	0.743816	0.693694	0.0036306
Pf3D7_06_v3	1285161	0.360424	0.427273	0.00681731
Pf3D7_06_v3	1286801	0.683746	0.630631	0.00371079
Pf3D7_06_v3	1286845	0.639576	0.579819	0.00493634
Pf3D7_06_v3	1289571	0.666078	0.567365	0.0180022
Pf3D7_06_v3	1289931	0.234155	0.322289	0.0166703
Pf3D7_06_v3	1290706	0.130824	0.0740181	0.0148286
Pf3D7_07_v3	80092	0.1375	0.0678808	0.0231773
Pf3D7_07_v3	80166	0.140569	0.0704467	0.0228848
Pf3D7_07_v3	80188	0.66548	0.582143	0.0117976
Pf3D7_07_v3	80271	0.149466	0.0915493	0.0127934
Pf3D7_07_v3	80318	0.135714	0.0615672	0.0275527
Pf3D7_07_v3	80320	0.135714	0.0622642	0.0268887
Pf3D7_07_v3	80417	0.230357	0.154867	0.0151954
Pf3D7_07_v3	80428	0.226786	0.152968	0.0145735
Pf3D7_07_v3	80432	0.225	0.152968	0.0138017
Pf3D7_07_v3	150143	0.545775	0.418919	0.0293592
Pf3D7_07_v3	157547	0.795775	0.743161	0.00511106
Pf3D7_07_v3	169264	0.179577	0.122356	0.0102101
Pf3D7_07_v3	181015	0.125	0.0718563	0.0130839
Pf3D7_07_v3	204876	0.193662	0.254573	0.00807749
Pf3D7_07_v3	227275	0.524648	0.58006	0.00370055
Pf3D7_07_v3	227285	0.521127	0.575529	0.00348114
Pf3D7_07_v3	257093	0.432624	0.490991	0.00428609
Pf3D7_07_v3	257953	0.288732	0.191617	0.0230935
Pf3D7_07_v3	331867	0.137011	0.0807927	0.013579
Pf3D7_07_v3	332719	0.244718	0.303303	0.00601261
Pf3D7_07_v3	333407	0.408397	0.317276	0.0150008
Pf3D7_07_v3	349267	0.353357	0.405405	0.00322075
Pf3D7_07_v3	403625	0.524735	0.46997	0.00341556
Pf3D7_07_v3	404407	0.568182	0.469072	0.0166003
Pf3D7_07_v3	405600	0.314748	0.401198	0.0135138
Pf3D7_07_v3	415250	0.755282	0.704861	0.00386647
Pf3D7_07_v3	415529	0.71831	0.660777	0.00494393
Pf3D7_07_v3	415625	0.691901	0.627586	0.0064168
Pf3D7_07_v3	416827	0.0716912	0.0192926	0.0285576
Pf3D7_07_v3	419310	0.789855	0.733333	0.00584365
Pf3D7_07_v3	419603	0.658451	0.752632	0.0182673
Pf3D7_07_v3	420336	0.2	0.148084	0.00650643
Pf3D7_07_v3	426721	0.908451	0.962598	0.02119
Pf3D7_07_v3	449571	0.552817	0.491909	0.00470526
Pf3D7_07_v3	449692	0.526596	0.449387	0.00933989
Pf3D7_07_v3	449790	0.452465	0.349693	0.0193014
Pf3D7_07_v3	450711	0.187279	0.133127	0.00831645
Pf3D7_07_v3	451514	0.761566	0.703313	0.00610663
Pf3D7_07_v3	451640	0.830961	0.773273	0.00781132
Pf3D7_07_v3	452339	0.561837	0.507485	0.00343615
Pf3D7_07_v3	452346	0.565141	0.509009	0.00384104
Pf3D7_07_v3	452348	0.565141	0.509009	0.00384104
Pf3D7_07_v3	452395	0.401408	0.312874	0.0145602
Pf3D7_07_v3	461139	0.572183	0.517964	0.00336765
Pf3D7_07_v3	463930	0.480496	0.537425	0.00393335
Pf3D7_07_v3	464317	0.349291	0.412651	0.00596578
Pf3D7_07_v3	465691	0.617978	0.684028	0.00665693
Pf3D7_07_v3	475469	0.56162	0.504491	0.00403278
Pf3D7_07_v3	485646	0.445423	0.358006	0.0132329
Pf3D7_07_v3	501530	0.672535	0.600299	0.00866271
Pf3D7_07_v3	505718	0.266784	0.213415	0.00518383
Pf3D7_07_v3	505753	0.314488	0.25076	0.00742237
Pf3D7_07_v3	505769	0.316901	0.254545	0.00694137
Pf3D7_07_v3	505802	0.440141	0.493902	0.00314805
Pf3D7_07_v3	605814	0.320796	0.255172	0.00743038
Pf3D7_07_v3	606090	0.220833	0.16782	0.00598017
Pf3D7_07_v3	606241	0.280172	0.188581	0.0204181
Pf3D7_07_v3	606245	0.175847	0.113014	0.0131192
Pf3D7_07_v3	606367	0.427313	0.364437	0.00518019
Pf3D7_07_v3	606419	0.384783	0.333333	0.00265262
Pf3D7_07_v3	616179	0.332746	0.383495	0.00289635
Pf3D7_07_v3	616459	0.401408	0.459248	0.00419219
Pf3D7_07_v3	635985	0.620567	0.542042	0.010193
Pf3D7_07_v3	696586	0.183746	0.12012	0.0132138
Pf3D7_07_v3	726830	0.320423	0.252994	0.00859349
Pf3D7_07_v3	774722	0.34331	0.417417	0.00917934
Pf3D7_07_v3	849856	0.191901	0.252252	0.00797446
Pf3D7_07_v3	853259	0.559859	0.483483	0.00912313
Pf3D7_07_v3	878620	0.161871	0.106928	0.0102819
Pf3D7_07_v3	883388	0.271127	0.195385	0.0134471
Pf3D7_07_v3	884384	0.600352	0.548013	0.00281575
Pf3D7_07_v3	908894	0.19788	0.266212	0.0102208
Pf3D7_07_v3	1056854	0.161972	0.093361	0.0179356
Pf3D7_07_v3	1148859	0.580986	0.507764	0.00812088
Pf3D7_07_v3	1170527	0.0160643	0.118506	0.0782759
Pf3D7_07_v3	1170560	0.0298805	0.114516	0.0497255
Pf3D7_07_v3	1170562	0.0296443	0.114887	0.0503711
Pf3D7_07_v3	1202320	0.164835	0.104015	0.0128027
Pf3D7_07_v3	1243078	0.40106	0.33677	0.00603198
Pf3D7_07_v3	1243766	0.59331	0.690789	0.0178018
Pf3D7_07_v3	1262404	0.503521	0.447605	0.00368349
Pf3D7_07_v3	1285356	0.396127	0.33033	0.00676864
Pf3D7_08_v3	117802	0.222222	0.138973	0.020736
Pf3D7_08_v3	154243	0.165493	0.113772	0.00853265
Pf3D7_08_v3	230137	0.454064	0.382263	0.00800626
Pf3D7_08_v3	331313	0.810714	0.72741	0.0168383
Pf3D7_08_v3	331378	0.82554	0.731928	0.0226827
Pf3D7_08_v3	403309	0.848592	0.797904	0.00628542
Pf3D7_08_v3	413022	0.786219	0.69898	0.0169965
Pf3D7_08_v3	413067	0.496466	0.397887	0.0166622
Pf3D7_08_v3	468454	0.225177	0.307229	0.0146282
Pf3D7_08_v3	468669	0.350352	0.28012	0.00887089
Pf3D7_08_v3	470004	0.714789	0.775449	0.00718213
Pf3D7_08_v3	471263	0.452465	0.508982	0.00380923
Pf3D7_08_v3	476280	0.117958	0.0650794	0.0140989
Pf3D7_08_v3	492502	0.698944	0.646341	0.00364353
Pf3D7_08_v3	496010	0.200704	0.138138	0.0113248
Pf3D7_08_v3	533947	0.156028	0.0900901	0.0175057
Pf3D7_08_v3	536601	0.154275	0.0930931	0.0146877
Pf3D7_08_v3	544529	0.308099	0.397898	0.0149575
Pf3D7_08_v3	548801	0.399648	0.531627	0.0320241
Pf3D7_08_v3	549685	0.52993	0.387346	0.0376539
Pf3D7_08_v3	572299	0.489437	0.548048	0.00431023
Pf3D7_08_v3	594839	0.866197	0.807808	0.00981085
Pf3D7_08_v3	619138	0.216549	0.271472	0.00559815
Pf3D7_08_v3	706357	0.75	0.809231	0.00757028
Pf3D7_08_v3	706941	0.189531	0.133441	0.00888109
Pf3D7_08_v3	739561	0.0971731	0.151198	0.0107717
Pf3D7_08_v3	752747	0.871479	0.812874	0.0103383
Pf3D7_08_v3	846225	0.294224	0.239458	0.00507052
Pf3D7_08_v3	919594	0.235816	0.306886	0.0102432
Pf3D7_08_v3	943546	0.200704	0.261261	0.00775955
Pf3D7_08_v3	943572	0.100707	0.176647	0.0215013
Pf3D7_08_v3	943578	0.102113	0.173653	0.0188914
Pf3D7_08_v3	1002321	0.528169	0.451368	0.00923852
Pf3D7_08_v3	1005851	0.154255	0.0951662	0.0133394
Pf3D7_08_v3	1061323	0.327465	0.276435	0.00361234
Pf3D7_08_v3	1099944	0.519366	0.443114	0.00909764
Pf3D7_08_v3	1102513	0.778169	0.828267	0.00542637
Pf3D7_08_v3	1102537	0.184859	0.131024	0.00828446
Pf3D7_08_v3	1114155	0.246479	0.170807	0.0146298
Pf3D7_08_v3	1165651	0.454064	0.390719	0.00561981
Pf3D7_08_v3	1174850	0.341549	0.28852	0.00385408
Pf3D7_08_v3	1238728	0.229682	0.285928	0.00572162
Pf3D7_08_v3	1269432	0.547535	0.495509	0.00284571
Pf3D7_08_v3	1290466	0.43662	0.490975	0.0029911
Pf3D7_08_v3	1310665	0.614437	0.557143	0.00367725
Pf3D7_08_v3	1310673	0.630282	0.561728	0.00663657
Pf3D7_08_v3	1310759	0.417254	0.328512	0.0137054
Pf3D7_08_v3	1310760	0.626761	0.495816	0.0313343
Pf3D7_08_v3	1310889	0.197183	0.281938	0.0165699
Pf3D7_08_v3	1315811	0.387324	0.441176	0.00338639
Pf3D7_08_v3	1344521	0.65669	0.724771	0.0082695
Pf3D7_08_v3	1344546	0.329225	0.464724	0.0352445
Pf3D7_08_v3	1363160	0.598592	0.526749	0.00769512
Pf3D7_08_v3	1363249	0.473592	0.414583	0.00425573
Pf3D7_08_v3	1363287	0.04947	0.109589	0.0227441
Pf3D7_08_v3	1363293	0.0498221	0.111364	0.0235781
Pf3D7_08_v3	1363303	0.482394	0.418651	0.00524618
Pf3D7_08_v3	1363313	0.0441696	0.105263	0.0249409
Pf3D7_08_v3	1363314	0.0441696	0.105727	0.025278
Pf3D7_08_v3	1363319	0.0441696	0.108407	0.0272179
Pf3D7_08_v3	1363324	0.0441696	0.106195	0.0256198
Pf3D7_08_v3	1363357	0.0459364	0.105263	0.0231548
Pf3D7_08_v3	1363365	0.0459364	0.0995671	0.0192997
Pf3D7_09_v3	85450	0.169014	0.112121	0.0108063
Pf3D7_09_v3	87155	0.183746	0.118263	0.0140688
Pf3D7_09_v3	158728	0.452297	0.389513	0.0051818
Pf3D7_09_v3	200689	0.912214	0.841538	0.0205567
Pf3D7_09_v3	214546	0.109155	0.0538922	0.0178311
Pf3D7_09_v3	216258	0.228873	0.149701	0.0178144
Pf3D7_09_v3	282699	0.475	0.531532	0.00387786
Pf3D7_09_v3	282708	0.498214	0.554054	0.00372979
Pf3D7_09_v3	282775	0.400356	0.495482	0.0157484
Pf3D7_09_v3	282776	0.400356	0.493958	0.0151709
Pf3D7_09_v3	283759	0.517606	0.458084	0.00457021
Pf3D7_09_v3	348356	0.0642857	0.00455927	0.0509531
Pf3D7_09_v3	595888	0.375887	0.43038	0.00351933
Pf3D7_09_v3	747558	0.262411	0.155689	0.0316292
Pf3D7_09_v3	799896	0.43617	0.378676	0.00385761
Pf3D7_09_v3	850094	0.31338	0.375	0.00585236
Pf3D7_09_v3	917213	0.5	0.557229	0.00404101
Pf3D7_09_v3	917264	0.369718	0.301515	0.00786053
Pf3D7_09_v3	1005115	0.160777	0.102102	0.0123665
Pf3D7_09_v3	1005351	0.227113	0.279279	0.00471601
Pf3D7_09_v3	1206298	0.166078	0.244444	0.0158016
Pf3D7_09_v3	1270380	0.40669	0.321981	0.0128166
Pf3D7_09_v3	1379145	0.628521	0.5	0.030755
Pf3D7_09_v3	1418978	0.18662	0.128755	0.00948301
Pf3D7_10_v3	73509	0.280142	0.223565	0.00584832
Pf3D7_10_v3	112973	0.123239	0.176205	0.00843583
Pf3D7_10_v3	137081	0.28169	0.191265	0.0199246
Pf3D7_10_v3	149861	0.498182	0.391566	0.0203468
Pf3D7_10_v3	153264	0.0721831	0.131229	0.0161832
Pf3D7_10_v3	217561	0.204225	0.142643	0.0107477
Pf3D7_10_v3	313555	0.167845	0.117117	0.00789894
Pf3D7_10_v3	331755	0.0045045	0.235669	0.227359
Pf3D7_10_v3	489227	0.114437	0.167169	0.00884689
Pf3D7_10_v3	522156	0.21831	0.163174	0.00719973
Pf3D7_10_v3	538449	0.309609	0.242515	0.00875556
Pf3D7_10_v3	634750	0.302817	0.249249	0.00467057
Pf3D7_10_v3	658448	0.633803	0.576347	0.00438661
Pf3D7_10_v3	658468	0.927817	0.872372	0.0143372
Pf3D7_10_v3	730004	0.246479	0.184685	0.00875952
Pf3D7_10_v3	830545	0.00179856	0.0607903	0.0539692
Pf3D7_10_v3	830561	0.00179211	0.0575758	0.050199
Pf3D7_10_v3	862077	0.338028	0.442943	0.020486
Pf3D7_10_v3	922261	0.390845	0.331325	0.00517725
Pf3D7_10_v3	1128179	0.25	0.170732	0.0163003
Pf3D7_10_v3	1172712	0.545936	0.666168	0.0274971
Pf3D7_10_v3	1244825	0.420495	0.355856	0.0062378
Pf3D7_10_v3	1316360	0.492883	0.56079	0.00667967
Pf3D7_10_v3	1325994	0.393993	0.325095	0.00726025
Pf3D7_10_v3	1325996	0.393993	0.323755	0.00766513
Pf3D7_10_v3	1327695	0.350352	0.289753	0.00558454
Pf3D7_10_v3	1360448	0.116197	0.054878	0.0212733
Pf3D7_10_v3	1386094	0.267857	0.184524	0.0167518
Pf3D7_10_v3	1386107	0.340502	0.219665	0.0328143
Pf3D7_10_v3	1386799	0.325704	0.25	0.0113451
Pf3D7_10_v3	1386850	0.318021	0.236196	0.0140739
Pf3D7_10_v3	1386913	0.477113	0.415123	0.00516476
Pf3D7_10_v3	1392058	0.751761	0.808065	0.00655464
Pf3D7_10_v3	1414316	0.413732	0.35307	0.00463038
Pf3D7_10_v3	1414332	0.693662	0.632287	0.00539506
Pf3D7_10_v3	1414333	0.693662	0.630531	0.00588984
Pf3D7_10_v3	1414537	0.804577	0.75	0.00561443
Pf3D7_10_v3	1551542	0.113074	0.173653	0.0124392
Pf3D7_10_v3	1551543	0.113074	0.173653	0.0124392
Pf3D7_11_v3	111368	0.595406	0.545031	0.00252396
Pf3D7_11_v3	119497	0.195423	0.125	0.0157301
Pf3D7_11_v3	120055	0.508803	0.428315	0.0100739
Pf3D7_11_v3	138691	0.617021	0.566465	0.00276103
Pf3D7_11_v3	138698	0.585106	0.525602	0.00463288
Pf3D7_11_v3	154299	0.114437	0.0594512	0.0164186
Pf3D7_11_v3	185697	0.211268	0.293774	0.0149075
Pf3D7_11_v3	281726	0.316901	0.241611	0.0113384
Pf3D7_11_v3	301858	0.172535	0.234234	0.00923119
Pf3D7_11_v3	395287	0.366667	0.294586	0.00910167
Pf3D7_11_v3	410321	0.593458	0.649533	0.00379704
Pf3D7_11_v3	454669	0.553191	0.44697	0.0198467
Pf3D7_11_v3	477922	0.422535	0.365269	0.00428446
Pf3D7_11_v3	492772	0.230634	0.164671	0.0112229
Pf3D7_11_v3	528101	0.350352	0.299685	0.00317866
Pf3D7_11_v3	582168	0.0931559	0.0378486	0.0214887
Pf3D7_11_v3	648199	0.174296	0.11976	0.00935458
Pf3D7_11_v3	694933	0.373239	0.454819	0.0111636
Pf3D7_11_v3	740809	0.244718	0.17619	0.0115042
Pf3D7_11_v3	753550	0.425532	0.362952	0.00556793
Pf3D7_11_v3	812065	0.306338	0.209386	0.0214135
Pf3D7_11_v3	828596	0.925795	0.875	0.0113118
Pf3D7_11_v3	874948	0.695423	0.641434	0.00345548
Pf3D7_11_v3	901177	0.514085	0.570359	0.0038718
Pf3D7_11_v3	901414	0.526786	0.457831	0.00694255
Pf3D7_11_v3	941339	0.174296	0.124126	0.00715398
Pf3D7_11_v3	1018965	0.264085	0.332335	0.00859223
Pf3D7_11_v3	1020134	0.411972	0.465361	0.00315177
Pf3D7_11_v3	1021120	0.0915493	0.0298742	0.0302881
Pf3D7_11_v3	1052660	0.139576	0.0808383	0.0148986
Pf3D7_11_v3	1057437	0.170819	0.222222	0.0054998
Pf3D7_11_v3	1114979	0.408451	0.321856	0.0136193
Pf3D7_11_v3	1127117	0.401408	0.455975	0.0034068
Pf3D7_11_v3	1329813	0.21831	0.161512	0.00764535
Pf3D7_11_v3	1360267	0.348592	0.253226	0.0187396
Pf3D7_11_v3	1382197	0.775801	0.843844	0.0124054
Pf3D7_11_v3	1475279	0.161972	0.0973054	0.0158903
Pf3D7_11_v3	1543806	0.22007	0.163664	0.00760068
Pf3D7_11_v3	1637299	0.144366	0.0913174	0.0108917
Pf3D7_11_v3	1640263	0.309859	0.234139	0.01198
Pf3D7_11_v3	1646797	0.242958	0.300898	0.00603336
Pf3D7_11_v3	1655530	0.711268	0.640351	0.00859307
Pf3D7_11_v3	1748856	0.319149	0.262918	0.00508259
Pf3D7_11_v3	1750995	0.424028	0.373967	0.00211802
Pf3D7_11_v3	1885415	0.454225	0.395397	0.00406273
Pf3D7_12_v3	83177	0.471831	0.407197	0.00554928
Pf3D7_12_v3	96155	0.485915	0.404382	0.0105867
Pf3D7_12_v3	96157	0.489437	0.402778	0.0123132
Pf3D7_12_v3	96388	0.459507	0.394198	0.00590862
Pf3D7_12_v3	125749	0.204301	0.140673	0.0115871
Pf3D7_12_v3	176660	0.890845	0.827844	0.013878
Pf3D7_12_v3	192650	0.388235	0.304498	0.012382
Pf3D7_12_v3	233523	0.338028	0.391566	0.00356995
Pf3D7_12_v3	365098	0.0809859	0.135452	0.0125208
Pf3D7_12_v3	381788	0.28169	0.222054	0.00687686
Pf3D7_12_v3	382400	0.215548	0.151057	0.0113404
Pf3D7_12_v3	401108	0.236264	0.18	0.00718595
Pf3D7_12_v3	418961	0.380282	0.294014	0.0136797
Pf3D7_12_v3	643241	0.294014	0.37988	0.0138331
Pf3D7_12_v3	659788	0.34331	0.400307	0.00435381
Pf3D7_12_v3	659930	0.778169	0.726444	0.00472631
Pf3D7_12_v3	762514	0.140845	0.0766423	0.01831
Pf3D7_12_v3	762526	0.128521	0.0661765	0.019204
Pf3D7_12_v3	762583	0.0880282	0.0310219	0.0260485
Pf3D7_12_v3	786224	0.440141	0.354077	0.0123297
Pf3D7_12_v3	802744	0.774648	0.683183	0.0185439
Pf3D7_12_v3	817280	0.228873	0.173653	0.00682436
Pf3D7_12_v3	817730	0.536972	0.481982	0.00345192
Pf3D7_12_v3	913124	0.455986	0.399399	0.00406093
Pf3D7_12_v3	942525	0.371479	0.423469	0.00287597
Pf3D7_12_v3	1148728	0.0598592	0.141921	0.0337375
Pf3D7_12_v3	1183319	0.452899	0.372372	0.0107753
Pf3D7_12_v3	1193690	0.278169	0.214502	0.00831408
Pf3D7_12_v3	1212111	0.558304	0.5	0.00371557
Pf3D7_12_v3	1212117	0.551418	0.444681	0.0196978
Pf3D7_12_v3	1216720	0.0598592	0.114907	0.0162795
Pf3D7_12_v3	1292047	0.123239	0.0679758	0.0150597
Pf3D7_12_v3	1316404	0.169014	0.110592	0.0116554
Pf3D7_12_v3	1378724	0.140071	0.0888502	0.0100167
Pf3D7_12_v3	1394482	0.209507	0.133197	0.0173094
Pf3D7_12_v3	1408658	0.0897887	0.0374251	0.0204199
Pf3D7_12_v3	1415954	0.316901	0.387725	0.00853134
Pf3D7_12_v3	1500893	0.0528169	0.110778	0.0197281
Pf3D7_12_v3	1996391	0.128975	0.0763359	0.0119798
Pf3D7_12_v3	2014634	0.103873	0.157658	0.0101153
Pf3D7_12_v3	2068708	0.632042	0.689024	0.00462261
Pf3D7_12_v3	2103547	0.262324	0.199102	0.00856329
Pf3D7_12_v3	2122045	0.057554	0.10994	0.0151486
Pf3D7_13_v3	92637	0.450704	0.392193	0.00409489
Pf3D7_13_v3	92800	0.524648	0.467797	0.00369499
Pf3D7_13_v3	150114	0.376325	0.311178	0.00678731
Pf3D7_13_v3	155246	0.580986	0.634731	0.0035817
Pf3D7_13_v3	156176	0.380282	0.324324	0.00434448
Pf3D7_13_v3	156247	0.304577	0.238024	0.00857571
Pf3D7_13_v3	156602	0.411972	0.348943	0.00578138
Pf3D7_13_v3	156793	0.397887	0.346386	0.00307725
Pf3D7_13_v3	211721	0.353873	0.294294	0.00548414
Pf3D7_13_v3	400162	0.705882	0.349398	0.243587
Pf3D7_13_v3	472038	0.373239	0.272152	0.0205717
Pf3D7_13_v3	585306	0.512324	0.44582	0.00622227
Pf3D7_13_v3	593626	0.257042	0.195652	0.00786697
Pf3D7_13_v3	594877	0.366197	0.265018	0.0206485
Pf3D7_13_v3	612670	0.0422535	0.106287	0.0270479
Pf3D7_13_v3	785310	0.133803	0.0750751	0.0159711
Pf3D7_13_v3	801722	0.583333	0.531722	0.00277674
Pf3D7_13_v3	876934	0.521201	0.581081	0.00460678
Pf3D7_13_v3	1041970	0.209507	0.147541	0.0103175
Pf3D7_13_v3	1061296	0.290493	0.340841	0.00335653
Pf3D7_13_v3	1155025	0.792419	0.709337	0.0158212
Pf3D7_13_v3	1230403	0.262324	0.211679	0.00417793
Pf3D7_13_v3	1231430	0.322183	0.268482	0.00395
Pf3D7_13_v3	1232346	0.815141	0.874101	0.010534
Pf3D7_13_v3	1359833	0.239437	0.179128	0.00836877
Pf3D7_13_v3	1382698	0.521277	0.572289	0.00265859
Pf3D7_13_v3	1419448	0.823944	0.762763	0.00890902
Pf3D7_13_v3	1419503	0.18838	0.10994	0.0214805
Pf3D7_13_v3	1419519	0.443662	0.372372	0.00789844
Pf3D7_13_v3	1465713	0.396127	0.328859	0.00688949
Pf3D7_13_v3	1465729	0.165493	0.107973	0.0112033
Pf3D7_13_v3	1465791	0.580986	0.635889	0.0035031
Pf3D7_13_v3	1465809	0.0422535	0.112416	0.0311106
Pf3D7_13_v3	1466078	0.584507	0.488525	0.0156196
Pf3D7_13_v3	1498616	0.383929	0.435331	0.0026494
Pf3D7_13_v3	1603150	0.198944	0.277778	0.0144692
Pf3D7_13_v3	1661966	0.602113	0.541916	0.00484592
Pf3D7_13_v3	1670479	0.282686	0.215361	0.00956979
Pf3D7_13_v3	1697887	0.193662	0.142643	0.00677603
Pf3D7_13_v3	1750965	0.292254	0.241935	0.00368201
Pf3D7_13_v3	1876423	0.556338	0.476048	0.0103527
Pf3D7_13_v3	1946395	0.264085	0.187888	0.013805
Pf3D7_13_v3	1970443	0.581272	0.50303	0.00966185
Pf3D7_13_v3	1972073	0.433099	0.366541	0.00627264
Pf3D7_13_v3	1972169	0.43662	0.383094	0.0030032
Pf3D7_13_v3	1980742	0.165493	0.109504	0.0102998
Pf3D7_13_v3	2021948	0.695423	0.745509	0.00368191
Pf3D7_13_v3	2063107	0.235816	0.287425	0.00426274
Pf3D7_13_v3	2070556	0.658363	0.577844	0.0111408
Pf3D7_13_v3	2078454	0.142606	0.208084	0.0122482
Pf3D7_13_v3	2103416	0.709507	0.657012	0.00371187
Pf3D7_13_v3	2104131	0.338652	0.266667	0.00968075
Pf3D7_13_v3	2114518	0.471831	0.532423	0.00453763
Pf3D7_13_v3	2114619	0.660211	0.717172	0.00482511
Pf3D7_13_v3	2176530	0.189046	0.108761	0.0226883
Pf3D7_13_v3	2179835	0.306738	0.368263	0.00587301
Pf3D7_13_v3	2203308	0.200704	0.120427	0.0211668
Pf3D7_13_v3	2309043	0.119718	0.175758	0.0100243
Pf3D7_13_v3	2341466	0.176678	0.22741	0.0053689
Pf3D7_13_v3	2342076	0.262324	0.187688	0.0133892
Pf3D7_13_v3	2415386	0.407143	0.332797	0.00906796
Pf3D7_13_v3	2426654	0.230634	0.280967	0.00407124
Pf3D7_13_v3	2525214	0.271127	0.171698	0.0254743
Pf3D7_13_v3	2529464	0.394366	0.342809	0.00290162
Pf3D7_13_v3	2541529	0.186833	0.109091	0.0211206
Pf3D7_13_v3	2542603	0.528169	0.436747	0.0141193
Pf3D7_13_v3	2549622	0.170775	0.106607	0.0146138
Pf3D7_13_v3	2550299	0.675472	0.619122	0.00420184
Pf3D7_13_v3	2575636	0.461268	0.522013	0.00480746
Pf3D7_13_v3	2734136	0.176056	0.272727	0.0237626
Pf3D7_13_v3	2735298	0.130282	0.189231	0.0102642
Pf3D7_14_v3	165154	0.225352	0.162162	0.0102793
Pf3D7_14_v3	203244	0.46831	0.528443	0.00469256
Pf3D7_14_v3	265958	0.346442	0.283871	0.00622605
Pf3D7_14_v3	407424	0.239437	0.18125	0.00754731
Pf3D7_14_v3	413025	0.723592	0.644841	0.0113334
Pf3D7_14_v3	413421	0.339789	0.270548	0.00871323
Pf3D7_14_v3	413424	0.339789	0.270548	0.00871323
Pf3D7_14_v3	420866	0.399293	0.472477	0.00825997
Pf3D7_14_v3	444330	0.178445	0.23503	0.00727736
Pf3D7_14_v3	453738	0.242958	0.33033	0.0160621
Pf3D7_14_v3	528659	0.447183	0.385542	0.00530728
Pf3D7_14_v3	564339	0.772887	0.72006	0.0047739
Pf3D7_14_v3	702604	0.198944	0.126667	0.0162592
Pf3D7_14_v3	873953	0.629433	0.569486	0.00496265
Pf3D7_14_v3	875807	0.253571	0.166168	0.0203129
Pf3D7_14_v3	877484	0.309783	0.361027	0.00319899
Pf3D7_14_v3	877704	0.225806	0.168675	0.00786387
Pf3D7_14_v3	904091	0.515845	0.437879	0.00952562
Pf3D7_14_v3	918720	0.167254	0.224398	0.0076552
Pf3D7_14_v3	918771	0.121479	0.185629	0.0132213
Pf3D7_14_v3	944561	0.213028	0.270958	0.00658569
Pf3D7_14_v3	1038377	0.304577	0.248476	0.00522885
Pf3D7_14_v3	1038446	0.301056	0.24772	0.00447418
Pf3D7_14_v3	1106139	0.390459	0.271772	0.0289441
Pf3D7_14_v3	1171305	0.443662	0.512232	0.00684438
Pf3D7_14_v3	1225479	0.507042	0.429217	0.00966978
Pf3D7_14_v3	1226565	0.487676	0.414671	0.00831561
Pf3D7_14_v3	1307328	0.661972	0.609281	0.00352221
Pf3D7_14_v3	1334365	0.515845	0.444444	0.00727448
Pf3D7_14_v3	1351948	0.189046	0.128814	0.0108306
Pf3D7_14_v3	1362090	0.292553	0.358859	0.00751766
Pf3D7_14_v3	1467935	0.185512	0.246246	0.00832878
Pf3D7_14_v3	1479886	0.894366	0.83982	0.0104171
Pf3D7_14_v3	1503311	0.385563	0.452096	0.00653258
Pf3D7_14_v3	1770207	0.705986	0.76497	0.00641781
Pf3D7_14_v3	1814686	0.551056	0.456439	0.0148283
Pf3D7_14_v3	1817108	0.735915	0.676271	0.00576791
Pf3D7_14_v3	1819850	0.110915	0.165323	0.00928426
Pf3D7_14_v3	1823998	0.0538462	0.137195	0.0373179
Pf3D7_14_v3	1948269	0.190141	0.13961	0.00646328
Pf3D7_14_v3	1956408	0.741197	0.63142	0.0252641
Pf3D7_14_v3	2004549	0.301056	0.399399	0.0186272
Pf3D7_14_v3	2010027	0.137324	0.0825826	0.0126493
Pf3D7_14_v3	2033359	0.455036	0.377246	0.0098564
Pf3D7_14_v3	2060776	0.242958	0.345345	0.0226192
Pf3D7_14_v3	2174809	0.065371	0.115616	0.0127585
Pf3D7_14_v3	2186277	0.137324	0.188253	0.00685633
Pf3D7_14_v3	2376061	0.200704	0.146707	0.00758413
Pf3D7_14_v3	2402460	0.135563	0.188623	0.00787094
Pf3D7_14_v3	2540274	0.141343	0.197605	0.0086999
Pf3D7_14_v3	2559751	0.46831	0.525597	0.00371329
Pf3D7_14_v3	2611706	0.830986	0.888889	0.0113857
Pf3D7_14_v3	2612645	0.132042	0.197635	0.0126389
Pf3D7_14_v3	2657342	0.339483	0.266254	0.00997173
Pf3D7_14_v3	2755887	0.362676	0.301056	0.00569969
Pf3D7_14_v3	2775038	0.450704	0.376161	0.00887055
Pf3D7_14_v3	2792758	0.457746	0.564565	0.0201528
Pf3D7_14_v3	2830297	0.068662	0.0166667	0.0300892
Pf3D7_14_v3	2845773	0.272887	0.199387	0.0123813
Pf3D7_14_v3	2846037	0.276408	0.213415	0.00815002
Pf3D7_14_v3	2853165	0.133803	0.0783133	0.0136353
Pf3D7_14_v3	2919382	0	0.117117	0.116549
Pf3D7_14_v3	2929857	0.128521	0.0778689	0.0107713
Pf3D7_14_v3	3035854	0.793594	0.740964	0.00514747
Pf3D7_14_v3	3121362	0.579225	0.495283	0.0114628
Pf3D7_14_v3	3121601	0.461131	0.410377	0.00253083
Pf3D7_14_v3	3131605	0.308929	0.241742	0.00877285
Pf3D7_14_v3	3193348	0.376761	0.291667	0.0131784
Pf3D7_14_v3	3198869	0.677305	0.609023	0.00713691
