Pf3D7_01_v3	98866	0.348057	0.401163	0.00505772
Pf3D7_01_v3	138823	0.321555	0.263158	0.00559991
Pf3D7_01_v3	139191	0.80212	0.695122	0.0366255
Pf3D7_01_v3	141594	0.0757042	0.134409	0.0188426
Pf3D7_01_v3	141658	0.126761	0.179348	0.00888824
Pf3D7_01_v3	145227	0.799296	0.854839	0.00857176
Pf3D7_01_v3	145515	0.251761	0.182796	0.01288
Pf3D7_01_v3	145682	0.411972	0.494624	0.0124948
Pf3D7_01_v3	148336	0.0246479	0.0860215	0.0414459
Pf3D7_01_v3	149598	0.31162	0.258065	0.00390246
Pf3D7_01_v3	150409	0.109155	0.0340909	0.0770438
Pf3D7_01_v3	150615	0.0721831	0.141667	0.0341955
Pf3D7_01_v3	161523	0.202847	0.284946	0.0186178
Pf3D7_01_v3	161865	0.279152	0.225275	0.0045596
Pf3D7_01_v3	162981	0.734982	0.663043	0.0110949
Pf3D7_01_v3	163071	0.205986	0.258065	0.00465608
Pf3D7_01_v3	165214	0.480565	0.575269	0.0182453
Pf3D7_01_v3	167312	0.246479	0.175824	0.0147774
Pf3D7_01_v3	167899	0.464789	0.413043	0.00147176
Pf3D7_01_v3	179264	0.106007	0.0487805	0.0264693
Pf3D7_01_v3	179952	0.278169	0.188235	0.025232
Pf3D7_01_v3	180034	0.859155	0.807229	0.00743655
Pf3D7_01_v3	180054	0.274648	0.176829	0.032319
Pf3D7_01_v3	180068	0.210247	0.261905	0.0038915
Pf3D7_01_v3	180233	0.288732	0.238095	0.00324923
Pf3D7_01_v3	180285	0.496479	0.559524	0.00517133
Pf3D7_01_v3	180288	0.679577	0.801205	0.0475159
Pf3D7_01_v3	180299	0.628521	0.713415	0.0169379
Pf3D7_01_v3	180309	0.434859	0.505882	0.0080159
Pf3D7_01_v3	180311	0.556338	0.642857	0.0158707
Pf3D7_01_v3	180317	0.272887	0.327586	0.00361795
Pf3D7_01_v3	180328	0.170775	0.116279	0.0110227
Pf3D7_01_v3	180554	0.179577	0.097561	0.0336973
Pf3D7_01_v3	190739	0.357394	0.263441	0.0216291
Pf3D7_01_v3	193667	0.596831	0.534091	0.00487158
Pf3D7_01_v3	196974	0.181338	0.13	0.00943962
Pf3D7_01_v3	233535	0.0860215	0.1375	0.0122723
Pf3D7_01_v3	246913	0.103873	0.0537634	0.0168486
Pf3D7_01_v3	266480	0.610915	0.556962	0.0021419
Pf3D7_01_v3	308232	0.133803	0.222222	0.0300481
Pf3D7_01_v3	309018	0.112676	0.177419	0.0172283
Pf3D7_01_v3	309042	0.262324	0.182796	0.018997
Pf3D7_01_v3	349536	0.174905	0.258824	0.020982
Pf3D7_01_v3	387722	0.725746	0.77957	0.00433142
Pf3D7_01_v3	388752	0.723592	0.817204	0.0274123
Pf3D7_01_v3	414870	0.21831	0.129032	0.0310635
Pf3D7_01_v3	469122	0.0580986	0.00641026	0.0543282
Pf3D7_01_v3	487057	0.521201	0.597826	0.0103353
Pf3D7_01_v3	487131	0.100358	0.173913	0.0247952
Pf3D7_01_v3	495649	0.415493	0.516129	0.0216239
Pf3D7_01_v3	495927	0.151408	0.0706522	0.0384716
Pf3D7_01_v3	496069	0.323322	0.272222	0.0023807
Pf3D7_01_v3	498090	0.690141	0.744444	0.00475534
Pf3D7_01_v3	499500	0.371479	0.291667	0.0190997
Pf3D7_01_v3	499530	0.382979	0.3	0.021575
Pf3D7_01_v3	499969	0.640845	0.576389	0.00693212
Pf3D7_01_v3	501515	0.40493	0.478261	0.00913744
Pf3D7_01_v3	505259	0.607394	0.724719	0.036143
Pf3D7_01_v3	506069	0.422535	0.323864	0.0224347
Pf3D7_01_v3	522573	0.0234657	0.0860215	0.0429345
Pf3D7_01_v3	527113	0.131206	0.209677	0.0232527
Pf3D7_01_v3	527758	0.0265018	0.103261	0.0568834
Pf3D7_01_v3	528041	0.519366	0.579268	0.00401868
Pf3D7_01_v3	528069	0.408451	0.505882	0.0208685
Pf3D7_01_v3	528354	0.544014	0.611111	0.00710464
Pf3D7_01_v3	528983	0.195423	0.122642	0.0282296
Pf3D7_01_v3	529055	0.78169	0.730769	0.00424552
Pf3D7_01_v3	534777	0.305054	0.253165	0.003064
Pf3D7_01_v3	534946	0.570423	0.47561	0.0192225
Pf3D7_01_v3	535030	0.519366	0.377907	0.0488758
Pf3D7_01_v3	535211	0.783451	0.711538	0.0134738
Pf3D7_01_v3	536302	0.132509	0.231183	0.0371144
Pf3D7_01_v3	536327	0.393617	0.446237	0.00200911
Pf3D7_01_v3	537322	0.927817	0.978495	0.0322339
Pf3D7_01_v3	558209	0.0338078	0.0860215	0.0259868
Pf3D7_01_v3	569531	0.0609319	0	0.0752744
Pf3D7_01_v3	569551	0.0517857	0	0.0629457
Pf3D7_02_v3	109659	0.308929	0.25	0.00601795
Pf3D7_02_v3	109977	0.100352	0.16129	0.0159172
Pf3D7_02_v3	133007	0.0530035	0.115854	0.0290214
Pf3D7_02_v3	158568	0.512324	0.564516	0.00154445
Pf3D7_02_v3	179137	0.732394	0.653846	0.0137947
Pf3D7_02_v3	198776	0.815141	0.867089	0.00822581
Pf3D7_02_v3	198839	0.850352	0.903846	0.0135251
Pf3D7_02_v3	200552	0.325088	0.156627	0.0973124
Pf3D7_02_v3	200872	0.180851	0.25	0.0148072
Pf3D7_02_v3	278215	0.169014	0.107527	0.0154799
Pf3D7_02_v3	278236	0.487676	0.38587	0.0225412
Pf3D7_02_v3	278285	0.727113	0.608696	0.0362176
Pf3D7_02_v3	290673	0.348592	0.176471	0.106965
Pf3D7_02_v3	291057	0.165493	0.0847458	0.042583
Pf3D7_02_v3	323022	0.193662	0.138889	0.00984936
Pf3D7_02_v3	379046	0.492958	0.592308	0.0249608
Pf3D7_02_v3	414955	0.245583	0.173469	0.0214275
Pf3D7_02_v3	427933	0.121479	0.0481928	0.0413186
Pf3D7_02_v3	438899	0.176056	0.123656	0.0091639
Pf3D7_02_v3	455073	0.0742049	0.0107527	0.0583661
Pf3D7_02_v3	470013	0.376761	0.25641	0.0420407
Pf3D7_02_v3	470259	0.22007	0.150685	0.0175799
Pf3D7_02_v3	470675	0.434859	0.371429	0.00581839
Pf3D7_02_v3	501530	0.780142	0.717391	0.00825077
Pf3D7_02_v3	501972	0.673759	0.75	0.0133124
Pf3D7_02_v3	502708	0.259786	0.311828	0.00329773
Pf3D7_02_v3	503877	0.243816	0.180233	0.0111534
Pf3D7_02_v3	516865	0.25	0.191011	0.00781282
Pf3D7_02_v3	517408	0.224014	0.162921	0.0107678
Pf3D7_02_v3	546511	0.33452	0.283951	0.00197972
Pf3D7_02_v3	550704	0.321555	0.380952	0.00467111
Pf3D7_02_v3	617457	0.271127	0.22043	0.00396273
Pf3D7_02_v3	617482	0.227113	0.311828	0.018401
Pf3D7_02_v3	646122	0.205986	0.272222	0.0105152
Pf3D7_02_v3	660994	0.264085	0.145161	0.062705
Pf3D7_02_v3	665284	0.0836299	0.139785	0.0154623
Pf3D7_02_v3	666154	0.397163	0.241935	0.0668583
Pf3D7_02_v3	723984	0.327465	0.478495	0.0560724
Pf3D7_02_v3	761988	0.985915	0.867089	0.135174
Pf3D7_02_v3	774891	0.846863	0.771084	0.0193154
Pf3D7_02_v3	792272	0.440141	0.327957	0.0296562
Pf3D7_02_v3	797146	0.530142	0.409091	0.0434382
Pf3D7_02_v3	801249	0.0598592	0	0.10304
Pf3D7_02_v3	805888	0.195423	0.103261	0.0384389
Pf3D7_02_v3	840040	0.812721	0.715116	0.0301526
Pf3D7_02_v3	841296	0.300712	0.222222	0.0185598
Pf3D7_02_v3	841819	0.713781	0.61875	0.0232614
Pf3D7_02_v3	842691	0.315603	0.26506	0.00262754
Pf3D7_02_v3	843250	0.10461	0.17033	0.018355
Pf3D7_02_v3	848125	0.40681	0.483871	0.0105109
Pf3D7_02_v3	848452	0.1	0.150538	0.0101455
Pf3D7_02_v3	848466	0.1	0.150538	0.0101455
Pf3D7_02_v3	848999	0.453704	0.527778	0.00713427
Pf3D7_02_v3	849001	0.453704	0.527778	0.00713427
Pf3D7_02_v3	855609	0.0865724	0.0322581	0.0296212
Pf3D7_02_v3	855632	0.274823	0.211957	0.00874116
Pf3D7_02_v3	855655	0.242908	0.173913	0.0137346
Pf3D7_02_v3	855656	0.242908	0.163043	0.0207421
Pf3D7_02_v3	855665	0.301418	0.247312	0.00421905
Pf3D7_02_v3	861265	0.151943	0.0706522	0.03842
Pf3D7_03_v3	71040	0.188612	0.243902	0.00618013
Pf3D7_03_v3	71291	0.485765	0.55618	0.00752899
Pf3D7_03_v3	71899	0.496416	0.550562	0.00212452
Pf3D7_03_v3	82459	0.295775	0.204301	0.0240295
Pf3D7_03_v3	105962	0.577465	0.697183	0.0404491
Pf3D7_03_v3	108315	0.0598592	0.12069	0.025022
Pf3D7_03_v3	108339	0.0369718	0.11236	0.049535
Pf3D7_03_v3	108536	0.431338	0.482759	0.00134945
Pf3D7_03_v3	108570	0.0457746	0.104651	0.0286515
Pf3D7_03_v3	109722	0.117958	0.05	0.0391236
Pf3D7_03_v3	140582	0.218861	0.10274	0.0665936
Pf3D7_03_v3	140645	0.140569	0.0722892	0.0283545
Pf3D7_03_v3	140646	0.140569	0.0722892	0.0283545
Pf3D7_03_v3	141798	0.899648	0.833333	0.0197821
Pf3D7_03_v3	143071	0.825088	0.89011	0.017607
Pf3D7_03_v3	143613	0.169014	0.0909091	0.0304208
Pf3D7_03_v3	152653	0.333922	0.277174	0.00466011
Pf3D7_03_v3	184683	0.352837	0.403226	0.00156363
Pf3D7_03_v3	205816	0.149648	0.0965909	0.0119337
Pf3D7_03_v3	221442	0.160211	0.107843	0.0135197
Pf3D7_03_v3	221463	0.132042	0.0576923	0.0504097
Pf3D7_03_v3	221554	0.802817	0.726415	0.0210411
Pf3D7_03_v3	221568	0.820423	0.741379	0.0234748
Pf3D7_03_v3	224678	0.165493	0.112903	0.0103527
Pf3D7_03_v3	224851	0.338028	0.413978	0.0111414
Pf3D7_03_v3	241146	0.227113	0.163043	0.0120816
Pf3D7_03_v3	246032	0.0739437	0.144928	0.033224
Pf3D7_03_v3	283035	0.0316901	0.0824176	0.0262355
Pf3D7_03_v3	285065	0.158451	0.0786517	0.0356468
Pf3D7_03_v3	326651	0.323944	0.26087	0.00734748
Pf3D7_03_v3	334391	0.0669014	0.145161	0.0363793
Pf3D7_03_v3	357947	0.880282	0.818182	0.0220866
Pf3D7_03_v3	358370	0.40669	0.353448	0.00215273
Pf3D7_03_v3	358587	0.876761	0.820755	0.0134635
Pf3D7_03_v3	360412	0.34331	0.282609	0.00593105
Pf3D7_03_v3	361403	0.266784	0.182796	0.0211871
Pf3D7_03_v3	383262	0.475	0.532258	0.00310196
Pf3D7_03_v3	389907	0.0141844	0.0752688	0.0510549
Pf3D7_03_v3	392474	0.202465	0.301471	0.0336068
Pf3D7_03_v3	393036	0.121479	0.174419	0.00941537
Pf3D7_03_v3	414983	0.35689	0.489247	0.0414484
Pf3D7_03_v3	417468	0.280357	0.370968	0.0228747
Pf3D7_03_v3	458640	0.0618182	0.112903	0.0158127
Pf3D7_03_v3	489439	0.0141844	0.0806452	0.0569249
Pf3D7_03_v3	493631	0.235915	0.181034	0.00776322
Pf3D7_03_v3	511284	0.551237	0.622093	0.00848904
Pf3D7_03_v3	511434	0.5	0.436047	0.00567028
Pf3D7_03_v3	514954	0.096831	0.0430108	0.0237751
Pf3D7_03_v3	553658	0.824528	0.752688	0.0145056
Pf3D7_03_v3	561220	0.747331	0.801075	0.00538622
Pf3D7_03_v3	586679	0.420495	0.284946	0.0470224
Pf3D7_03_v3	654721	0.598592	0.681319	0.0142472
Pf3D7_03_v3	664726	0.0954064	0.0348837	0.0351347
Pf3D7_03_v3	679524	0.678571	0.569892	0.0271947
Pf3D7_03_v3	680179	0.0689046	0.141304	0.0310756
Pf3D7_03_v3	692735	0.112676	0.00657895	0.132156
Pf3D7_03_v3	702915	0.15669	0.245455	0.0351339
Pf3D7_03_v3	718682	0.139085	0.0564516	0.0551798
Pf3D7_03_v3	725018	0.115672	0.181319	0.0162958
Pf3D7_03_v3	758506	0.691901	0.630435	0.00556772
Pf3D7_03_v3	796056	0.102113	0.0430108	0.0284756
Pf3D7_03_v3	805130	0.110915	0.198864	0.0337995
Pf3D7_03_v3	812699	0.204225	0.136986	0.0174752
Pf3D7_03_v3	825800	0.220848	0.152439	0.0156004
Pf3D7_03_v3	826387	0.0897887	0.0271739	0.0418224
Pf3D7_03_v3	882386	0.162544	0.0752688	0.0417043
Pf3D7_03_v3	884399	0.22007	0.141304	0.0222361
Pf3D7_03_v3	887238	0.0757042	0.150538	0.0312722
Pf3D7_03_v3	890218	0.516071	0.434066	0.0123525
Pf3D7_03_v3	890268	0.411552	0.358696	0.00211503
Pf3D7_03_v3	891254	0.101786	0.182796	0.0294823
Pf3D7_03_v3	891612	0.181338	0.102151	0.0288835
Pf3D7_03_v3	891679	0.56162	0.645161	0.0139806
Pf3D7_03_v3	907766	0.424296	0.354839	0.00801952
Pf3D7_03_v3	916639	0.799296	0.674157	0.0481218
Pf3D7_03_v3	917529	0.498239	0.438889	0.00387191
Pf3D7_03_v3	924907	0.705986	0.763441	0.00573227
Pf3D7_03_v3	944671	0.0352113	0.0913978	0.0297745
Pf3D7_03_v3	951306	0.521127	0.571429	0.00122117
Pf3D7_03_v3	953885	0.160211	0.0967742	0.0182065
Pf3D7_03_v3	974611	0.0939716	0.150538	0.0142759
Pf3D7_03_v3	988828	0.195423	0.123656	0.0197677
Pf3D7_04_v3	92597	0.253571	0.179348	0.0162032
Pf3D7_04_v3	92612	0.230496	0.166667	0.0116195
Pf3D7_04_v3	92794	0.343284	0.425287	0.012809
Pf3D7_04_v3	92795	0.275	0.385057	0.0309117
Pf3D7_04_v3	110012	0.443662	0.226667	0.139097
Pf3D7_04_v3	110013	0.626761	0.471831	0.065974
Pf3D7_04_v3	110070	0.397887	0.317568	0.0145591
Pf3D7_04_v3	110694	0.0989399	0.181818	0.0328953
Pf3D7_04_v3	110821	0.204225	0.126374	0.0242987
Pf3D7_04_v3	139051	0.240072	0.182432	0.00835671
Pf3D7_04_v3	140510	0.591549	0.531646	0.00434051
Pf3D7_04_v3	140703	0.535336	0.414062	0.0402349
Pf3D7_04_v3	140725	0.4947	0.42623	0.00809626
Pf3D7_04_v3	147659	0.808099	0.741758	0.0112743
Pf3D7_04_v3	190867	0.133803	0.0591398	0.0365892
Pf3D7_04_v3	191167	0.452465	0.397849	0.0025984
Pf3D7_04_v3	241099	0.348754	0.408602	0.00438893
Pf3D7_04_v3	251988	0.155914	0.0645161	0.0495898
Pf3D7_04_v3	251999	0.148746	0.22043	0.0171108
Pf3D7_04_v3	254143	0.0616197	0.0108696	0.0430443
Pf3D7_04_v3	276127	0.174296	0.11236	0.0154524
Pf3D7_04_v3	283484	0.484099	0.575342	0.0184883
Pf3D7_04_v3	285729	0.558099	0.467391	0.0236006
Pf3D7_04_v3	285770	0.380282	0.317308	0.00727803
Pf3D7_04_v3	306875	0.647887	0.704301	0.00419487
Pf3D7_04_v3	333699	0.304965	0.389535	0.015778
Pf3D7_04_v3	334313	0.227758	0.150943	0.026032
Pf3D7_04_v3	354536	0.183099	0.0963855	0.0374569
Pf3D7_04_v3	358245	0.316901	0.263736	0.00341364
Pf3D7_04_v3	362687	0.43838	0.521505	0.012895
Pf3D7_04_v3	367185	0.272887	0.209677	0.00876425
Pf3D7_04_v3	386187	0.786972	0.855556	0.0235631
Pf3D7_04_v3	390556	0.0176056	0.0934066	0.0654149
Pf3D7_04_v3	398819	0.170775	0.247312	0.0180764
Pf3D7_04_v3	418411	0.401786	0.343284	0.00409965
Pf3D7_04_v3	420221	0.189964	0.130435	0.0119261
Pf3D7_04_v3	428163	0.209507	0.155914	0.00741209
Pf3D7_04_v3	428626	0.621479	0.709677	0.0176888
Pf3D7_04_v3	432707	0.0457746	0.107527	0.0293553
Pf3D7_04_v3	472651	0.068662	0.131944	0.0267362
Pf3D7_04_v3	473150	0.238516	0.168478	0.0143992
Pf3D7_04_v3	485883	0.208481	0.13587	0.0194544
Pf3D7_04_v3	515947	0.167254	0.218391	0.00572157
Pf3D7_04_v3	519867	0.434629	0.384615	0.00120099
Pf3D7_04_v3	520106	0.374558	0.304348	0.00907178
Pf3D7_04_v3	520967	0.8327	0.75	0.0216405
Pf3D7_04_v3	525012	0.0567376	0.11828	0.0261301
Pf3D7_04_v3	529500	0.611307	0.561111	0.001271
Pf3D7_04_v3	537052	0.116788	0.0537634	0.0276352
Pf3D7_04_v3	538971	0.150206	0.201087	0.00516887
Pf3D7_04_v3	542296	0.349638	0.28022	0.00902225
Pf3D7_04_v3	544534	0.212014	0.155914	0.00859232
Pf3D7_04_v3	544537	0.212014	0.155914	0.00859232
Pf3D7_04_v3	544673	0.262324	0.370968	0.0305441
Pf3D7_04_v3	544744	0.227915	0.145161	0.0242053
Pf3D7_04_v3	545154	0.107394	0.163043	0.0120748
Pf3D7_04_v3	627578	0.0487365	0.123656	0.0400301
Pf3D7_04_v3	635669	0.162544	0.0943396	0.0303903
Pf3D7_04_v3	635715	0.195423	0.105769	0.0500298
Pf3D7_04_v3	636935	0.732394	0.794118	0.0115585
Pf3D7_04_v3	637010	0.278169	0.143939	0.0767544
Pf3D7_04_v3	637146	0.140845	0.0757576	0.0279537
Pf3D7_04_v3	637685	0.151408	0.1	0.011136
Pf3D7_04_v3	647737	0.466549	0.411111	0.00257766
Pf3D7_04_v3	662504	0.150177	0.0752688	0.0315784
Pf3D7_04_v3	673542	0.353873	0.252688	0.0263868
Pf3D7_04_v3	673604	0.329225	0.247312	0.0163089
Pf3D7_04_v3	673650	0.575704	0.747312	0.0791107
Pf3D7_04_v3	673790	0.174296	0.231183	0.00773141
Pf3D7_04_v3	677325	0.216549	0.141975	0.0209995
Pf3D7_04_v3	679043	0.208481	0.123656	0.0289785
Pf3D7_04_v3	683072	0.540636	0.478571	0.00507386
Pf3D7_04_v3	683801	0.103873	0.025641	0.0995468
Pf3D7_04_v3	695559	0.228873	0.173913	0.00726415
Pf3D7_04_v3	736688	0.144366	0.08	0.0244397
Pf3D7_04_v3	736724	0.869718	0.928571	0.0241085
Pf3D7_04_v3	738775	0.545775	0.71978	0.0789332
Pf3D7_04_v3	745471	0.135563	0.0483871	0.053514
Pf3D7_04_v3	748239	0.603873	0.865591	0.201688
Pf3D7_04_v3	748262	0.644366	0.913978	0.237154
Pf3D7_04_v3	757119	0.58156	0.725275	0.0542539
Pf3D7_04_v3	759931	0.0346715	0.0860215	0.0240065
Pf3D7_04_v3	763069	0.508803	0.403226	0.0240685
Pf3D7_04_v3	764832	0.132042	0.233696	0.0401834
Pf3D7_04_v3	766795	0.716549	0.611111	0.0277864
Pf3D7_04_v3	787660	0.0739437	0.139785	0.0242317
Pf3D7_04_v3	791143	0.415493	0.478495	0.00521271
Pf3D7_04_v3	792225	0.197183	0.274194	0.0162247
Pf3D7_04_v3	792257	0.473592	0.370968	0.0233235
Pf3D7_04_v3	796416	0.312057	0.197674	0.0407358
Pf3D7_04_v3	796423	0.312057	0.197674	0.0407358
Pf3D7_04_v3	797315	0.661972	0.72043	0.00481935
Pf3D7_04_v3	797761	0.628114	0.563953	0.00577015
Pf3D7_04_v3	797792	0.616071	0.53012	0.0149216
Pf3D7_04_v3	799729	0.150177	0.0965909	0.0124128
Pf3D7_04_v3	802705	0.346831	0.295699	0.00250891
Pf3D7_04_v3	805165	0.484155	0.537634	0.00208024
Pf3D7_04_v3	812994	0.27993	0.204301	0.015214
Pf3D7_04_v3	813649	0.142606	0.0806452	0.0204905
Pf3D7_04_v3	817915	0.0739437	0.0164835	0.0450217
Pf3D7_04_v3	819473	0.830961	0.883721	0.0100578
Pf3D7_04_v3	830580	0.333333	0.208791	0.0460534
Pf3D7_04_v3	836760	0.22007	0.0943396	0.0962943
Pf3D7_04_v3	836817	0.21831	0.142857	0.024628
Pf3D7_04_v3	836856	0.221831	0.118644	0.0557532
Pf3D7_04_v3	838218	0.214539	0.142857	0.0196507
Pf3D7_04_v3	839310	0.676056	0.768519	0.0302813
Pf3D7_04_v3	841884	0.371479	0.321429	0.000941748
Pf3D7_04_v3	848597	0.151079	0.048913	0.0683074
Pf3D7_04_v3	850002	0.662791	0.831461	0.0878648
Pf3D7_04_v3	856082	0.0880282	0.172222	0.0360042
Pf3D7_04_v3	856599	0.507042	0.370968	0.0437667
Pf3D7_04_v3	859399	0.125442	0.0722222	0.0157056
Pf3D7_04_v3	863381	0.494718	0.344595	0.0610796
Pf3D7_04_v3	863561	0.498239	0.597015	0.0240954
Pf3D7_04_v3	879682	0.25813	0.203947	0.00387583
Pf3D7_04_v3	880848	0.265845	0.38172	0.0345063
Pf3D7_04_v3	883380	0.227599	0.120879	0.0459627
Pf3D7_04_v3	884927	0.163732	0.236559	0.0163388
Pf3D7_04_v3	886511	0.625	0.516129	0.0263694
Pf3D7_04_v3	887796	0.197509	0.11828	0.0254818
Pf3D7_04_v3	887844	0.28169	0.209677	0.0131221
Pf3D7_04_v3	887989	0.65669	0.725806	0.00939654
Pf3D7_04_v3	887994	0.630742	0.695652	0.00729228
Pf3D7_04_v3	888001	0.214789	0.290323	0.0146301
Pf3D7_04_v3	889062	0.70922	0.641304	0.00826714
Pf3D7_04_v3	889620	0.346154	0.268817	0.0128774
Pf3D7_04_v3	889626	0.351648	0.282609	0.00891821
Pf3D7_04_v3	898452	0.498047	0.58427	0.0130458
Pf3D7_04_v3	898815	0.292254	0.358824	0.00793485
Pf3D7_04_v3	898976	0.77993	0.717647	0.00824238
Pf3D7_04_v3	899872	0.208185	0.267857	0.00884652
Pf3D7_04_v3	899915	0.209386	0.289474	0.0212688
Pf3D7_04_v3	899970	0.484043	0.545455	0.00508365
Pf3D7_04_v3	900665	0.59507	0.518519	0.0106578
Pf3D7_04_v3	900963	0.15493	0.207317	0.00660832
Pf3D7_04_v3	908685	0.654804	0.571429	0.0138338
Pf3D7_04_v3	908786	0.585202	0.409091	0.0755316
Pf3D7_04_v3	910460	0.424296	0.365591	0.00419802
Pf3D7_04_v3	911083	0.441901	0.494624	0.00186832
Pf3D7_04_v3	918934	0.221631	0.134409	0.0286532
Pf3D7_04_v3	919351	0.151408	0.0967742	0.0127404
Pf3D7_04_v3	920564	0.0671378	0.0108696	0.0499375
Pf3D7_04_v3	926450	0.299645	0.36413	0.00663946
Pf3D7_04_v3	987893	0.632727	0.483607	0.06412
Pf3D7_04_v3	988680	0.700704	0.556604	0.0709699
Pf3D7_04_v3	989043	0.782918	0.65625	0.0665257
Pf3D7_04_v3	989044	0.798932	0.702128	0.0393631
Pf3D7_04_v3	989851	0.135563	0.0833333	0.0146601
Pf3D7_04_v3	989906	0.181338	0.116438	0.0185503
Pf3D7_04_v3	990088	0.272887	0.212121	0.00855519
Pf3D7_04_v3	990103	0.267606	0.214286	0.00505769
Pf3D7_04_v3	990152	0.273852	0.172414	0.0427892
Pf3D7_04_v3	990269	0.371886	0.429825	0.00370124
Pf3D7_04_v3	990875	0.161972	0.237179	0.0193308
Pf3D7_04_v3	990877	0.167254	0.113333	0.0115469
Pf3D7_04_v3	990908	0.179577	0.230263	0.00510895
Pf3D7_04_v3	991106	0.139085	0.0609756	0.0408253
Pf3D7_04_v3	992819	0.096831	0.0376344	0.0315358
Pf3D7_04_v3	993222	0.485915	0.405063	0.0127456
Pf3D7_04_v3	993362	0.455986	0.391566	0.00593316
Pf3D7_04_v3	993767	0.336268	0.402174	0.00682482
Pf3D7_04_v3	1002051	0.698944	0.625	0.0110893
Pf3D7_04_v3	1005358	0.382042	0.456989	0.00984475
Pf3D7_04_v3	1005595	0.392226	0.451087	0.0039429
Pf3D7_04_v3	1014416	0.037234	0.10989	0.0452028
Pf3D7_04_v3	1015179	0.133803	0.0752688	0.0186772
Pf3D7_04_v3	1033018	0.475352	0.535211	0.0041335
Pf3D7_04_v3	1034437	0.670775	0.58046	0.0178743
Pf3D7_04_v3	1035286	0.330389	0.252941	0.0142168
Pf3D7_04_v3	1035352	0.0633803	0.00574713	0.060306
Pf3D7_04_v3	1036984	0.628521	0.71875	0.0278696
Pf3D7_04_v3	1037822	0.378521	0.471429	0.0203604
Pf3D7_04_v3	1042880	0.373239	0.428571	0.00296726
Pf3D7_04_v3	1042985	0.454225	0.377778	0.0105415
Pf3D7_04_v3	1043003	0.408451	0.472527	0.00592095
Pf3D7_04_v3	1043010	0.366197	0.438889	0.00936578
Pf3D7_04_v3	1043488	0.534483	0.60989	0.00892224
Pf3D7_04_v3	1051722	0.27993	0.344086	0.00738618
Pf3D7_04_v3	1063155	0.475352	0.385714	0.018509
Pf3D7_04_v3	1065123	0.142606	0.193878	0.00906957
Pf3D7_04_v3	1083336	0.68838	0.592391	0.0208679
Pf3D7_04_v3	1121457	0.838028	0.785714	0.00615631
Pf3D7_04_v3	1121759	0.147887	0.0967742	0.0106841
Pf3D7_04_v3	1134673	0.15233	0.0561798	0.0594773
Pf3D7_04_v3	1134777	0.335689	0.230769	0.0304371
Pf3D7_04_v3	1134839	0.146643	0.0833333	0.0212397
Pf3D7_04_v3	1134847	0.136042	0.0769231	0.0193973
Pf3D7_05_v3	51707	0.0950704	0.152174	0.0140297
Pf3D7_05_v3	69564	0.617958	0.537634	0.0123318
Pf3D7_05_v3	69585	0.614841	0.543478	0.00867398
Pf3D7_05_v3	84637	0.128521	0.0549451	0.0376284
Pf3D7_05_v3	88791	0.397887	0.526882	0.0388964
Pf3D7_05_v3	92675	0.769366	0.675824	0.0237044
Pf3D7_05_v3	95628	0.871479	0.764045	0.0458251
Pf3D7_05_v3	132201	0.385563	0.494624	0.0263915
Pf3D7_05_v3	132297	0.133803	0.217391	0.0268606
Pf3D7_05_v3	132885	0.360915	0.434783	0.00957647
Pf3D7_05_v3	147419	0.135231	0.0769231	0.0180124
Pf3D7_05_v3	167841	0.294014	0.170588	0.0522306
Pf3D7_05_v3	180912	0.206835	0.0958904	0.0626806
Pf3D7_05_v3	191785	0.0706714	0.00714286	0.074347
Pf3D7_05_v3	192222	0.728873	0.65873	0.011495
Pf3D7_05_v3	197442	0.0915493	0.0324675	0.0370013
Pf3D7_05_v3	198142	0.424296	0.358696	0.00645672
Pf3D7_05_v3	213086	0.711268	0.609195	0.0258645
Pf3D7_05_v3	216203	0.160211	0.107527	0.0103361
Pf3D7_05_v3	224735	0.0545775	0.12987	0.0422606
Pf3D7_05_v3	231019	0.0545775	0	0.0671886
Pf3D7_05_v3	248637	0.195035	0.129412	0.0160381
Pf3D7_05_v3	260128	0.0809859	0.138889	0.0171684
Pf3D7_05_v3	269653	0.14539	0.0752688	0.027373
Pf3D7_05_v3	286660	0.147887	0.0789474	0.033251
Pf3D7_05_v3	288839	0.56162	0.479167	0.017345
Pf3D7_05_v3	288856	0.367958	0.3	0.0113472
Pf3D7_05_v3	289916	0.084507	0.0304878	0.0321187
Pf3D7_05_v3	323339	0.762324	0.703488	0.00627436
Pf3D7_05_v3	329606	0.301418	0.191011	0.0379241
Pf3D7_05_v3	329613	0.780142	0.705556	0.0139363
Pf3D7_05_v3	351970	0.22007	0.119048	0.0655516
Pf3D7_05_v3	363660	0.397527	0.284946	0.0317426
Pf3D7_05_v3	367574	0.133803	0.209677	0.0212448
Pf3D7_05_v3	369684	0.588339	0.640449	0.00195503
Pf3D7_05_v3	370000	0.231449	0.158537	0.0174852
Pf3D7_05_v3	370002	0.303887	0.243902	0.0062778
Pf3D7_05_v3	376115	0.424028	0.367816	0.00291093
Pf3D7_05_v3	390886	0.165493	0.0491803	0.1048
Pf3D7_05_v3	391061	0.542254	0.40625	0.0615246
Pf3D7_05_v3	398359	0.0744681	0.0215054	0.0340884
Pf3D7_05_v3	398584	0.477113	0.413978	0.00525301
Pf3D7_05_v3	404759	0.445423	0.535211	0.0179525
Pf3D7_05_v3	428493	0.084507	0.0322581	0.0275074
Pf3D7_05_v3	474904	0.477113	0.37234	0.0347389
Pf3D7_05_v3	475346	0.605634	0.539062	0.00728986
Pf3D7_05_v3	476551	0.262324	0.197674	0.0104988
Pf3D7_05_v3	476562	0.257042	0.190476	0.0119641
Pf3D7_05_v3	477271	0.271429	0.207865	0.00913816
Pf3D7_05_v3	477900	0.15669	0.215909	0.0099292
Pf3D7_05_v3	481687	0.609155	0.543478	0.00621555
Pf3D7_05_v3	482152	0.344523	0.483696	0.0471603
Pf3D7_05_v3	507871	0.0862676	0.0348837	0.0263691
Pf3D7_05_v3	512965	0.100358	0.0446429	0.0317577
Pf3D7_05_v3	530776	0.234155	0.309783	0.0138374
Pf3D7_05_v3	560047	0.228571	0.302198	0.0127167
Pf3D7_05_v3	567552	0.0739437	0.0217391	0.0344876
Pf3D7_05_v3	598347	0.373239	0.263441	0.0310063
Pf3D7_05_v3	610142	0.304577	0.387097	0.0144982
Pf3D7_05_v3	615283	0.0492958	0.102151	0.021017
Pf3D7_05_v3	615926	0.786972	0.731183	0.00595696
Pf3D7_05_v3	632151	0.112676	0.219697	0.0569952
Pf3D7_05_v3	635277	0.287986	0.155556	0.0614596
Pf3D7_05_v3	643899	0.28169	0.213415	0.0112351
Pf3D7_05_v3	643965	0.140845	0.0769231	0.0243677
Pf3D7_05_v3	668861	0.728873	0.662791	0.00833123
Pf3D7_05_v3	668910	0.705986	0.625	0.0142552
Pf3D7_05_v3	672629	0.388693	0.457831	0.007608
Pf3D7_05_v3	679125	0.681979	0.786517	0.0319658
Pf3D7_05_v3	680745	0.617958	0.689655	0.00988721
Pf3D7_05_v3	690337	0.0739437	0.02	0.0412139
Pf3D7_05_v3	694497	0.152439	0.218391	0.0125175
Pf3D7_05_v3	706173	0.790493	0.865591	0.0210925
Pf3D7_05_v3	753400	0.181338	0.125	0.0108539
Pf3D7_05_v3	796565	0.528169	0.477528	0.00111182
Pf3D7_05_v3	796714	0.320423	0.372222	0.00245652
Pf3D7_05_v3	801588	0.770318	0.844086	0.0174593
Pf3D7_05_v3	839940	0.975265	0.908602	0.0470883
Pf3D7_05_v3	847625	0.371479	0.307692	0.00653647
Pf3D7_05_v3	852127	0.0598592	0.119318	0.0228203
Pf3D7_05_v3	852380	0.14841	0.0705882	0.0368324
Pf3D7_05_v3	855823	0.767606	0.689873	0.0160653
Pf3D7_05_v3	868990	0.160777	0.106742	0.0112739
Pf3D7_05_v3	908694	0.239437	0.186813	0.00533929
Pf3D7_05_v3	929348	0.17148	0.0821918	0.0462186
Pf3D7_05_v3	929627	0.00880282	0.06	0.0502567
Pf3D7_05_v3	931606	0.29682	0.232143	0.0105478
Pf3D7_05_v3	949158	0.84507	0.784946	0.0106775
Pf3D7_05_v3	958145	0.200704	0.131868	0.0171556
Pf3D7_05_v3	958440	0.672535	0.619318	0.00251887
Pf3D7_05_v3	966295	0.176056	0.242857	0.0209667
Pf3D7_05_v3	966314	0.882042	0.763889	0.0983267
Pf3D7_05_v3	968165	0.157244	0.105882	0.0104801
Pf3D7_05_v3	983055	0.204225	0.126866	0.0275428
Pf3D7_05_v3	991337	0.040493	0.0967742	0.0267747
Pf3D7_05_v3	1007374	0.614437	0.55914	0.0027766
Pf3D7_05_v3	1007814	0.241135	0.182796	0.00817226
Pf3D7_05_v3	1011550	0.100352	0.043956	0.0261095
Pf3D7_05_v3	1011653	0.713028	0.637363	0.0115764
Pf3D7_05_v3	1042259	0.056338	0.112903	0.0212107
Pf3D7_05_v3	1043303	0.463028	0.544872	0.0131231
Pf3D7_05_v3	1066876	0.940141	0.880435	0.0233238
Pf3D7_05_v3	1101291	0.0862676	0.0297619	0.034717
Pf3D7_05_v3	1101513	0.165493	0.0797101	0.0459713
Pf3D7_05_v3	1113924	0.161348	0.213483	0.00624125
Pf3D7_05_v3	1114074	0.684859	0.752688	0.00978051
Pf3D7_05_v3	1172665	0.319788	0.225806	0.0238456
Pf3D7_05_v3	1181363	0.0777385	0.164835	0.0409585
Pf3D7_05_v3	1193918	0.109319	0.0494505	0.0270176
Pf3D7_05_v3	1204155	0.433099	0.368852	0.00668189
Pf3D7_05_v3	1215455	0.144366	0.0666667	0.0407354
Pf3D7_05_v3	1216961	0.125	0.0583333	0.0377268
Pf3D7_05_v3	1217183	0.0618375	0.128788	0.0341389
Pf3D7_05_v3	1217961	0.628521	0.575758	0.00206623
Pf3D7_05_v3	1271257	0.48227	0.575581	0.0181818
Pf3D7_05_v3	1271857	0.27993	0.333333	0.00344939
Pf3D7_05_v3	1273649	0.15	0.0961538	0.016238
Pf3D7_05_v3	1288609	0.110507	0.0352941	0.0500914
Pf3D7_05_v3	1301680	0.577465	0.461957	0.0298916
Pf3D7_05_v3	1303868	0.21831	0.16129	0.0084292
Pf3D7_05_v3	1313555	0.429577	0.505376	0.00959129
Pf3D7_05_v3	1318836	0.583039	0.516304	0.00621889
Pf3D7_05_v3	1318904	0.473498	0.36413	0.0268732
Pf3D7_05_v3	1318909	0.473498	0.358696	0.0302408
Pf3D7_06_v3	74373	0.668478	0.795699	0.047594
Pf3D7_06_v3	74376	0.424188	0.526882	0.0222139
Pf3D7_06_v3	114520	0.434859	0.380435	0.00272174
Pf3D7_06_v3	116607	0.332746	0.434783	0.023971
Pf3D7_06_v3	116620	0.327465	0.418478	0.0182103
Pf3D7_06_v3	116621	0.327465	0.418478	0.0182103
Pf3D7_06_v3	116629	0.330986	0.41573	0.0153647
Pf3D7_06_v3	116977	0.445423	0.354839	0.0172366
Pf3D7_06_v3	119856	0.126761	0.0706522	0.0184365
Pf3D7_06_v3	135664	0.160211	0.105634	0.0128416
Pf3D7_06_v3	145374	0.105634	0.0113636	0.0993785
Pf3D7_06_v3	145377	0.103873	0.0113636	0.0971793
Pf3D7_06_v3	182965	0.540493	0.483871	0.00313753
Pf3D7_06_v3	242392	0.246479	0.317308	0.0142675
Pf3D7_06_v3	253113	0.198925	0.145161	0.00784369
Pf3D7_06_v3	261661	0.313208	0.236559	0.0131246
Pf3D7_06_v3	272613	0.222615	0.141026	0.0391165
Pf3D7_06_v3	288424	0.120996	0.0434783	0.046251
Pf3D7_06_v3	312207	0.10461	0.157609	0.0112539
Pf3D7_06_v3	312414	0.52993	0.586022	0.00312228
Pf3D7_06_v3	315733	0.677817	0.755435	0.014249
Pf3D7_06_v3	346891	0.0571429	0.116667	0.0240018
Pf3D7_06_v3	377297	0.734155	0.675	0.00632055
Pf3D7_06_v3	378542	0.431095	0.238636	0.101642
Pf3D7_06_v3	378828	0.797872	0.705882	0.0282539
Pf3D7_06_v3	389754	0.272563	0.327957	0.00378772
Pf3D7_06_v3	396298	0.109541	0.0591398	0.0160441
Pf3D7_06_v3	404679	0.1375	0.0823529	0.0152557
Pf3D7_06_v3	408699	0.785211	0.722222	0.00906419
Pf3D7_06_v3	409026	0.146127	0.091954	0.0134313
Pf3D7_06_v3	409116	0.139085	0.075	0.0247881
Pf3D7_06_v3	409954	0.554577	0.461039	0.0189125
Pf3D7_06_v3	415319	0.288732	0.346591	0.00431706
Pf3D7_06_v3	456868	0.176678	0.0769231	0.0574777
Pf3D7_06_v3	491628	0.216981	0.0984848	0.0711999
Pf3D7_06_v3	496596	0.338028	0.396739	0.00428729
Pf3D7_06_v3	528171	0.308099	0.36413	0.00399942
Pf3D7_06_v3	529076	0.196113	0.123656	0.0206734
Pf3D7_06_v3	531935	0.105634	0.16129	0.0123688
Pf3D7_06_v3	532250	0.292254	0.230337	0.0078099
Pf3D7_06_v3	532725	0.892606	0.95	0.0249944
Pf3D7_06_v3	569238	0.825704	0.762712	0.0135506
Pf3D7_06_v3	575829	0.0669014	0.117647	0.0145504
Pf3D7_06_v3	578202	0.575972	0.487013	0.0164581
Pf3D7_06_v3	619007	0.750883	0.677419	0.0120817
Pf3D7_06_v3	624129	0.323944	0.392473	0.00832967
Pf3D7_06_v3	624178	0.0457746	0.103261	0.0264052
Pf3D7_06_v3	624276	0.0229682	0.076087	0.0338362
Pf3D7_06_v3	627141	0.464789	0.354839	0.0274682
Pf3D7_06_v3	636206	0.362191	0.240385	0.0553641
Pf3D7_06_v3	639086	0.464789	0.397849	0.00645438
Pf3D7_06_v3	647767	0.710247	0.622807	0.0218131
Pf3D7_06_v3	648049	0.0580986	0.123377	0.0310375
Pf3D7_06_v3	682542	0.523297	0.465517	0.00320053
Pf3D7_06_v3	780026	0.273852	0.331522	0.00481074
Pf3D7_06_v3	800131	0.1	0.0393258	0.0283849
Pf3D7_06_v3	825760	0.478799	0.532609	0.0020811
Pf3D7_06_v3	825925	0.419014	0.472826	0.00204912
Pf3D7_06_v3	826183	0.231449	0.177419	0.00678417
Pf3D7_06_v3	827446	0.34507	0.290323	0.00380898
Pf3D7_06_v3	828863	0.25	0.327957	0.0141844
Pf3D7_06_v3	828899	0.248239	0.317204	0.0100996
Pf3D7_06_v3	834400	0.260563	0.317647	0.0051221
Pf3D7_06_v3	834448	0.257951	0.325843	0.00919312
Pf3D7_06_v3	834464	0.259717	0.348315	0.0191933
Pf3D7_06_v3	836560	0.269366	0.188406	0.0216457
Pf3D7_06_v3	851736	0.144366	0.215054	0.0166812
Pf3D7_06_v3	851783	0.112676	0.172043	0.0131457
Pf3D7_06_v3	852033	0.100352	0.0483871	0.0212664
Pf3D7_06_v3	858307	0.367491	0.472826	0.0245728
Pf3D7_06_v3	869387	0.679577	0.568966	0.0300345
Pf3D7_06_v3	869396	0.441901	0.373563	0.00752509
Pf3D7_06_v3	880186	0.271127	0.209677	0.00815761
Pf3D7_06_v3	884526	0.4125	0.257812	0.0766387
Pf3D7_06_v3	895227	0.135563	0.0777778	0.017994
Pf3D7_06_v3	905617	0.0774648	0.0268817	0.0291129
Pf3D7_06_v3	912669	0.169611	0.112903	0.0123082
Pf3D7_06_v3	938238	0.336268	0.26087	0.0123566
Pf3D7_06_v3	956794	0.084507	0.032967	0.0267295
Pf3D7_06_v3	1023829	0.127208	0.188172	0.0126095
Pf3D7_06_v3	1027157	0.109155	0.16129	0.0095656
Pf3D7_06_v3	1029663	0.102113	0.16129	0.0144824
Pf3D7_06_v3	1040344	0.710247	0.764706	0.0048932
Pf3D7_06_v3	1043660	0.084507	0.0326087	0.027238
Pf3D7_06_v3	1047197	0.927817	0.855556	0.0302059
Pf3D7_06_v3	1050878	0.875	0.94086	0.0289002
Pf3D7_06_v3	1065236	0.100352	0.032967	0.0423154
Pf3D7_06_v3	1067838	0.112676	0.0430108	0.0383603
Pf3D7_06_v3	1075670	0.142606	0.0659341	0.0355943
Pf3D7_06_v3	1102052	0.142606	0.0625	0.0413814
Pf3D7_06_v3	1110981	0.153169	0.0806452	0.0281009
Pf3D7_06_v3	1111541	0.330389	0.204301	0.0472677
Pf3D7_06_v3	1114564	0.170213	0.0730337	0.0527968
Pf3D7_06_v3	1114587	0.241197	0.102273	0.0833187
Pf3D7_06_v3	1114625	0.242958	0.1	0.0874242
Pf3D7_06_v3	1114928	0.172535	0.0813953	0.04515
Pf3D7_06_v3	1114951	0.172535	0.0722892	0.0582143
Pf3D7_06_v3	1115372	0.176056	0.0866667	0.0448157
Pf3D7_06_v3	1115453	0.184859	0.0774648	0.0687894
Pf3D7_06_v3	1116101	0.192171	0.0746269	0.0835242
Pf3D7_06_v3	1116314	0.196113	0.108696	0.0385151
Pf3D7_06_v3	1117447	0.339789	0.401099	0.00532517
Pf3D7_06_v3	1117519	0.200355	0.0944444	0.0529384
Pf3D7_06_v3	1151994	0.240283	0.133721	0.044671
Pf3D7_06_v3	1160101	0.248227	0.13253	0.0532939
Pf3D7_06_v3	1160472	0.253521	0.147436	0.044023
Pf3D7_06_v3	1184506	0.431338	0.377778	0.00224505
Pf3D7_06_v3	1192365	0.475265	0.404494	0.00792087
Pf3D7_06_v3	1193139	0.301418	0.217391	0.0188402
Pf3D7_06_v3	1197298	0.424296	0.340909	0.0143534
Pf3D7_06_v3	1206442	0.926056	0.797619	0.0868506
Pf3D7_06_v3	1214350	0.88764	0.794118	0.0370932
Pf3D7_06_v3	1215233	0.882042	0.826087	0.0112828
Pf3D7_06_v3	1224777	0.665493	0.594118	0.00921751
Pf3D7_06_v3	1238196	0.187279	0.0842697	0.054083
Pf3D7_06_v3	1268187	0.239437	0.168605	0.0153699
Pf3D7_06_v3	1268325	0.399648	0.453488	0.00211714
Pf3D7_06_v3	1282493	0.673145	0.736559	0.00731814
Pf3D7_06_v3	1283024	0.744718	0.655914	0.0193316
Pf3D7_06_v3	1283063	0.743816	0.688172	0.00447668
Pf3D7_06_v3	1290444	0.363636	0.27957	0.0157214
Pf3D7_06_v3	1290486	0.271739	0.204301	0.0108572
Pf3D7_07_v3	79935	0.457143	0.342391	0.0306957
Pf3D7_07_v3	79963	0.135714	0.0815217	0.0143155
Pf3D7_07_v3	80034	0.124555	0.0730337	0.0141028
Pf3D7_07_v3	80092	0.1375	0.045977	0.0606266
Pf3D7_07_v3	80166	0.140569	0.0588235	0.0445967
Pf3D7_07_v3	80188	0.66548	0.554878	0.0298193
Pf3D7_07_v3	80271	0.149466	0.0714286	0.0364317
Pf3D7_07_v3	80318	0.135714	0.0481928	0.0565591
Pf3D7_07_v3	80320	0.135714	0.0481928	0.0565591
Pf3D7_07_v3	80371	0.0782918	0.012987	0.0640767
Pf3D7_07_v3	80399	0.503571	0.445312	0.00331653
Pf3D7_07_v3	80417	0.230357	0.0367647	0.213553
Pf3D7_07_v3	80428	0.226786	0.0373134	0.208791
Pf3D7_07_v3	80432	0.225	0.0396825	0.206593
Pf3D7_07_v3	84826	0.681985	0.736559	0.00424236
Pf3D7_07_v3	122722	0.0721831	0.0185185	0.0506513
Pf3D7_07_v3	147345	0.776408	0.854839	0.0214305
Pf3D7_07_v3	150143	0.545775	0.44086	0.0237484
Pf3D7_07_v3	157547	0.795775	0.717391	0.0163769
Pf3D7_07_v3	159074	0.338028	0.277778	0.00597687
Pf3D7_07_v3	160439	0.607394	0.538462	0.00743997
Pf3D7_07_v3	160532	0.536972	0.693548	0.0615238
Pf3D7_07_v3	160785	0.0299296	0.0815217	0.0272701
Pf3D7_07_v3	162203	0.090106	0.141304	0.011231
Pf3D7_07_v3	162477	0.323322	0.264368	0.00522293
Pf3D7_07_v3	167917	0.193262	0.258065	0.0102129
Pf3D7_07_v3	181015	0.125	0.0430108	0.0511323
Pf3D7_07_v3	194825	0.224382	0.294444	0.0111991
Pf3D7_07_v3	201621	0.0143369	0.0703125	0.0529153
Pf3D7_07_v3	202640	0.262324	0.15625	0.0472678
Pf3D7_07_v3	212123	0.0440141	0.108696	0.0335247
Pf3D7_07_v3	222979	0.0739437	0.0229885	0.0318846
Pf3D7_07_v3	223672	0.116197	0.177778	0.0198956
Pf3D7_07_v3	223889	0.427817	0.244898	0.126669
Pf3D7_07_v3	223893	0.286972	0.212963	0.0179931
Pf3D7_07_v3	223938	0.27993	0.178571	0.0432423
Pf3D7_07_v3	224729	0.611307	0.515625	0.0227854
Pf3D7_07_v3	224765	0.655477	0.539683	0.0375178
Pf3D7_07_v3	226177	0.225352	0.130435	0.0362906
Pf3D7_07_v3	228601	0.244718	0.179348	0.0116619
Pf3D7_07_v3	241197	0.15669	0.0810811	0.0338822
Pf3D7_07_v3	252368	0.0671378	0.125	0.0200168
Pf3D7_07_v3	253684	0.607394	0.492958	0.0334345
Pf3D7_07_v3	257093	0.432624	0.505435	0.00859822
Pf3D7_07_v3	257953	0.288732	0.209677	0.0164901
Pf3D7_07_v3	332719	0.244718	0.298913	0.00408278
Pf3D7_07_v3	333500	0.530909	0.478022	0.00145055
Pf3D7_07_v3	340864	0.165493	0.103659	0.0170122
Pf3D7_07_v3	349267	0.353357	0.467391	0.0298675
Pf3D7_07_v3	363628	0.040493	0.0925926	0.0245044
Pf3D7_07_v3	370875	0.373239	0.311828	0.0055031
Pf3D7_07_v3	375339	0.584362	0.650538	0.00546437
Pf3D7_07_v3	375770	0.206714	0.271739	0.00970515
Pf3D7_07_v3	376423	0.292254	0.370968	0.0132522
Pf3D7_07_v3	376425	0.292254	0.370968	0.0132522
Pf3D7_07_v3	385921	0.508803	0.338028	0.0809517
Pf3D7_07_v3	397135	0.915493	0.833333	0.0433741
Pf3D7_07_v3	403625	0.524735	0.317204	0.105363
Pf3D7_07_v3	404407	0.568182	0.331522	0.130087
Pf3D7_07_v3	404836	0.544964	0.327957	0.112788
Pf3D7_07_v3	405600	0.314748	0.233696	0.0155391
Pf3D7_07_v3	408743	0.770318	0.682796	0.0201667
Pf3D7_07_v3	409168	0.179577	0.12931	0.0087714
Pf3D7_07_v3	415137	0.69258	0.61236	0.0133824
Pf3D7_07_v3	415245	0.755282	0.573171	0.0952494
Pf3D7_07_v3	415250	0.755282	0.572289	0.0955666
Pf3D7_07_v3	415529	0.71831	0.540541	0.0909961
Pf3D7_07_v3	415543	0.698944	0.520548	0.090372
Pf3D7_07_v3	415625	0.691901	0.472973	0.130853
Pf3D7_07_v3	416827	0.0716912	0.0128205	0.0527111
Pf3D7_07_v3	418720	0.276408	0.21831	0.00670761
Pf3D7_07_v3	418726	0.283451	0.215278	0.011868
Pf3D7_07_v3	419310	0.789855	0.689394	0.0338629
Pf3D7_07_v3	419410	0.741135	0.638889	0.0297696
Pf3D7_07_v3	419413	0.741135	0.626761	0.0386974
Pf3D7_07_v3	420853	0.363454	0.463855	0.0204295
Pf3D7_07_v3	420908	0.530035	0.471264	0.00341431
Pf3D7_07_v3	420925	0.5053	0.36747	0.0471377
Pf3D7_07_v3	421420	0.441901	0.27957	0.0676814
Pf3D7_07_v3	424874	0.0387324	0.123656	0.0567789
Pf3D7_07_v3	424982	0.139085	0.236559	0.0350297
Pf3D7_07_v3	426524	0.485915	0.546296	0.00438636
Pf3D7_07_v3	426753	0.348592	0.215517	0.0654327
Pf3D7_07_v3	430364	0.334507	0.197674	0.058344
Pf3D7_07_v3	432784	0.551056	0.422414	0.0484115
Pf3D7_07_v3	433609	0.814488	0.864865	0.00744181
Pf3D7_07_v3	435368	0.431338	0.329545	0.0239725
Pf3D7_07_v3	435497	0.419014	0.302326	0.0341629
Pf3D7_07_v3	444875	0.951957	0.880952	0.0390255
Pf3D7_07_v3	445690	0.461131	0.342593	0.0438069
Pf3D7_07_v3	449571	0.552817	0.483607	0.00813605
Pf3D7_07_v3	449692	0.526596	0.46988	0.00286523
Pf3D7_07_v3	449790	0.452465	0.391566	0.00450043
Pf3D7_07_v3	450529	0.881625	0.811594	0.021986
Pf3D7_07_v3	450711	0.187279	0.0972222	0.0436205
Pf3D7_07_v3	451640	0.830961	0.758242	0.0157477
Pf3D7_07_v3	452331	0.565141	0.489247	0.0100643
Pf3D7_07_v3	452339	0.561837	0.478495	0.013147
Pf3D7_07_v3	452346	0.565141	0.483871	0.0122652
Pf3D7_07_v3	452348	0.565141	0.478261	0.0148318
Pf3D7_07_v3	454103	0.264085	0.340659	0.0127071
Pf3D7_07_v3	455494	0.475352	0.565217	0.0159093
Pf3D7_07_v3	455974	0.5	0.360215	0.0462738
Pf3D7_07_v3	456232	0.510676	0.403226	0.0249909
Pf3D7_07_v3	457005	0.639085	0.533333	0.0250979
Pf3D7_07_v3	457269	0.632509	0.570652	0.00506474
Pf3D7_07_v3	461139	0.572183	0.435484	0.0435078
Pf3D7_07_v3	461191	0.641343	0.553763	0.0155926
Pf3D7_07_v3	463705	0.628975	0.711957	0.0153026
Pf3D7_07_v3	463930	0.480496	0.538043	0.00317419
Pf3D7_07_v3	465019	0.251761	0.336957	0.0175513
Pf3D7_07_v3	465426	0.491197	0.413043	0.0107041
Pf3D7_07_v3	465691	0.617978	0.567164	0.000496132
Pf3D7_07_v3	465928	0.705357	0.539474	0.115026
Pf3D7_07_v3	466124	0.505455	0.431818	0.0117165
Pf3D7_07_v3	466236	0.235612	0.178571	0.0102651
Pf3D7_07_v3	471118	0.084507	0.02	0.0698728
Pf3D7_07_v3	471237	0.288732	0.166667	0.0609499
Pf3D7_07_v3	473203	0.823214	0.880435	0.0118232
Pf3D7_07_v3	475469	0.56162	0.397849	0.0640041
Pf3D7_07_v3	475576	0.503521	0.360215	0.0490781
Pf3D7_07_v3	475635	0.187279	0.0967742	0.0383004
Pf3D7_07_v3	476116	0.161172	0.0537634	0.0707527
Pf3D7_07_v3	477031	0.101786	0.0268817	0.0551696
Pf3D7_07_v3	477049	0.405357	0.33871	0.00705683
Pf3D7_07_v3	481598	0.894366	0.844086	0.00923734
Pf3D7_07_v3	488471	0.401408	0.474684	0.00918876
Pf3D7_07_v3	495855	0.575	0.489247	0.0139904
Pf3D7_07_v3	495936	0.163121	0.247312	0.0226988
Pf3D7_07_v3	496138	0.75	0.646739	0.027411
Pf3D7_07_v3	496481	0.834507	0.887097	0.00977073
Pf3D7_07_v3	497297	0.0936396	0.148352	0.0129001
Pf3D7_07_v3	501530	0.672535	0.569892	0.0240118
Pf3D7_07_v3	506984	0.251761	0.196429	0.00638609
Pf3D7_07_v3	507272	0.34507	0.413043	0.00772821
Pf3D7_07_v3	605814	0.320796	0.1875	0.0523511
Pf3D7_07_v3	605852	0.228261	0.11875	0.0462007
Pf3D7_07_v3	606053	0.170732	0.120482	0.00698344
Pf3D7_07_v3	606090	0.220833	0.139241	0.023106
Pf3D7_07_v3	606241	0.280172	0.208861	0.0115637
Pf3D7_07_v3	606245	0.175847	0.120482	0.00939806
Pf3D7_07_v3	606339	0.102083	0.17284	0.0206313
Pf3D7_07_v3	606392	0.268443	0.345679	0.0120887
Pf3D7_07_v3	606433	0.285714	0.224359	0.00690636
Pf3D7_07_v3	607520	0.165957	0.084507	0.0339983
Pf3D7_07_v3	614408	0.787234	0.840909	0.00687622
Pf3D7_07_v3	614420	0.169611	0.0730337	0.0521372
Pf3D7_07_v3	614770	0.139085	0.247253	0.0437719
Pf3D7_07_v3	614772	0.230634	0.313187	0.0173044
Pf3D7_07_v3	614840	0.135563	0.193548	0.0105434
Pf3D7_07_v3	614996	0.114841	0.0581395	0.0220038
Pf3D7_07_v3	616179	0.332746	0.413333	0.014023
Pf3D7_07_v3	616299	0.103873	0.0454545	0.0298384
Pf3D7_07_v3	616459	0.401408	0.52439	0.0362784
Pf3D7_07_v3	616673	0.198944	0.270115	0.0133564
Pf3D7_07_v3	616874	0.40493	0.343373	0.00532797
Pf3D7_07_v3	616946	0.367958	0.436047	0.00728442
Pf3D7_07_v3	618098	0.47153	0.414773	0.00308132
Pf3D7_07_v3	618245	0.542553	0.629213	0.0151946
Pf3D7_07_v3	618961	0.290493	0.340659	0.00204925
Pf3D7_07_v3	619182	0.123239	0.0555556	0.0318026
Pf3D7_07_v3	619279	0.318662	0.258621	0.00622491
Pf3D7_07_v3	619398	0.687279	0.77381	0.0202929
Pf3D7_07_v3	620279	0.292254	0.215054	0.0154197
Pf3D7_07_v3	627405	0.413732	0.327957	0.015519
Pf3D7_07_v3	627424	0.417254	0.306452	0.0297121
Pf3D7_07_v3	627478	0.260563	0.155914	0.038056
Pf3D7_07_v3	629386	0.336502	0.267857	0.00857379
Pf3D7_07_v3	629464	0.38664	0.335366	0.00100649
Pf3D7_07_v3	629467	0.388211	0.335366	0.00145115
Pf3D7_07_v3	631810	0.216071	0.146341	0.0172886
Pf3D7_07_v3	633046	0.112676	0.0410959	0.0471205
Pf3D7_07_v3	635759	0.448944	0.564516	0.0298142
Pf3D7_07_v3	635776	0.431338	0.537634	0.0245722
Pf3D7_07_v3	635985	0.620567	0.521505	0.0209173
Pf3D7_07_v3	648711	0.0833333	0.0322581	0.0257592
Pf3D7_07_v3	653733	0.0833333	0.0229885	0.0428897
Pf3D7_07_v3	678111	0.336268	0.414062	0.013807
Pf3D7_07_v3	678227	0.0757042	0.0223881	0.0407748
Pf3D7_07_v3	679897	0.040493	0.112903	0.0424054
Pf3D7_07_v3	699262	0.5	0.55914	0.00379963
Pf3D7_07_v3	706075	0.0228873	0.0730337	0.0307872
Pf3D7_07_v3	712909	0.581851	0.510753	0.00806323
Pf3D7_07_v3	744613	0.180851	0.313725	0.0768688
Pf3D7_07_v3	749859	0.108303	0.166667	0.0131179
Pf3D7_07_v3	752436	0.301056	0.412088	0.0300955
Pf3D7_07_v3	774722	0.34331	0.397849	0.00295593
Pf3D7_07_v3	844728	0.147887	0.0895522	0.0188213
Pf3D7_07_v3	851697	0.315141	0.23125	0.0190501
Pf3D7_07_v3	866181	0.943662	0.87037	0.0485211
Pf3D7_07_v3	867073	0.0193662	0.0820896	0.056454
Pf3D7_07_v3	878620	0.161871	0.0869565	0.0285215
Pf3D7_07_v3	883457	0.447183	0.523256	0.00966559
Pf3D7_07_v3	883904	0.323944	0.253165	0.0114472
Pf3D7_07_v3	883906	0.323944	0.25	0.0130449
Pf3D7_07_v3	884384	0.600352	0.486301	0.0321792
Pf3D7_07_v3	905648	0.709677	0.768817	0.00620723
Pf3D7_07_v3	908894	0.19788	0.138158	0.0123416
Pf3D7_07_v3	910194	0.255814	0.379121	0.0385474
Pf3D7_07_v3	914657	0.0982143	0.193548	0.0419021
Pf3D7_07_v3	982393	0.084507	0.0280899	0.0340132
Pf3D7_07_v3	997052	0.172535	0.0113636	0.259846
Pf3D7_07_v3	1056801	0.117958	0.0338983	0.0752336
Pf3D7_07_v3	1056854	0.161972	0.0887097	0.0323036
Pf3D7_07_v3	1059855	0.181338	0.126582	0.0103809
Pf3D7_07_v3	1066647	0.853357	0.735632	0.0509914
Pf3D7_07_v3	1066698	0.728873	0.668539	0.00606086
Pf3D7_07_v3	1101880	0.0774648	0.0178571	0.0477689
Pf3D7_07_v3	1115805	0.577739	0.639785	0.00546899
Pf3D7_07_v3	1148859	0.580986	0.488372	0.0178172
Pf3D7_07_v3	1149505	0.790493	0.857955	0.0152847
Pf3D7_07_v3	1168247	0.233216	0.138889	0.033613
Pf3D7_07_v3	1168250	0.231449	0.138889	0.0323478
Pf3D7_07_v3	1170354	0.566787	0.483333	0.0127504
Pf3D7_07_v3	1170527	0.0160643	0.0752688	0.0441981
Pf3D7_07_v3	1173482	0.139576	0.0714286	0.0271225
Pf3D7_07_v3	1187716	0.109541	0.0591398	0.01629
Pf3D7_07_v3	1202320	0.164835	0.0662651	0.0578029
Pf3D7_07_v3	1256331	0.817518	0.875	0.0126938
Pf3D7_07_v3	1257296	0.339789	0.27439	0.0076981
Pf3D7_07_v3	1260601	0.491197	0.426966	0.00551195
Pf3D7_07_v3	1309887	0.096831	0.175325	0.0315148
Pf3D7_07_v3	1362913	0.109929	0.0379747	0.047462
Pf3D7_07_v3	1362920	0.109541	0.0379747	0.0471336
Pf3D7_07_v3	1362925	0.579787	0.519737	0.00431455
Pf3D7_07_v3	1380100	0.542403	0.472826	0.0071157
Pf3D7_08_v3	80563	0.195423	0.247312	0.00475875
Pf3D7_08_v3	104543	0.796099	0.741935	0.00523655
Pf3D7_08_v3	115528	0.253521	0.133929	0.0709562
Pf3D7_08_v3	157014	0.228873	0.315217	0.0193534
Pf3D7_08_v3	206113	0.144366	0.0913978	0.0127613
Pf3D7_08_v3	218585	0.246479	0.195652	0.00426698
Pf3D7_08_v3	229173	0.614437	0.545455	0.0079212
Pf3D7_08_v3	230137	0.454064	0.402299	0.00143137
Pf3D7_08_v3	240236	0.0248227	0.0824176	0.0377527
Pf3D7_08_v3	240446	0.0228873	0.0934066	0.0540458
Pf3D7_08_v3	251175	0.0651408	0.115854	0.0160797
Pf3D7_08_v3	262214	0.367958	0.306452	0.00605719
Pf3D7_08_v3	262218	0.366197	0.306452	0.00544905
Pf3D7_08_v3	331378	0.82554	0.701087	0.0498346
Pf3D7_08_v3	332201	0.302817	0.225806	0.0147328
Pf3D7_08_v3	332204	0.304577	0.225806	0.0156321
Pf3D7_08_v3	357185	0.293286	0.22561	0.0109774
Pf3D7_08_v3	369734	0.198582	0.139785	0.0104337
Pf3D7_08_v3	398723	0.109929	0.0483871	0.0289378
Pf3D7_08_v3	406895	0.367958	0.291209	0.012359
Pf3D7_08_v3	412981	0.562057	0.702703	0.0558094
Pf3D7_08_v3	413022	0.786219	0.653333	0.0571037
Pf3D7_08_v3	423537	0.640385	0.510989	0.0378918
Pf3D7_08_v3	468487	0.545775	0.602151	0.00296202
Pf3D7_08_v3	469434	0.135563	0.0806452	0.0155193
Pf3D7_08_v3	469454	0.68838	0.61828	0.00873952
Pf3D7_08_v3	469490	0.155477	0.0913978	0.0198167
Pf3D7_08_v3	469505	0.15371	0.102151	0.0104286
Pf3D7_08_v3	471213	0.503521	0.392473	0.0276271
Pf3D7_08_v3	471263	0.452465	0.301075	0.0579564
Pf3D7_08_v3	471333	0.43662	0.55914	0.0341346
Pf3D7_08_v3	471366	0.466549	0.61413	0.0521017
Pf3D7_08_v3	475171	0.185185	0.126374	0.0112613
Pf3D7_08_v3	476280	0.117958	0.0470588	0.0396371
Pf3D7_08_v3	476310	0.47007	0.54375	0.00939106
Pf3D7_08_v3	476552	0.147887	0.0909091	0.0196406
Pf3D7_08_v3	476559	0.144876	0.0892857	0.0185247
Pf3D7_08_v3	477453	0.119718	0.06	0.0258804
Pf3D7_08_v3	486640	0.299296	0.206522	0.0251189
Pf3D7_08_v3	486900	0.640071	0.586022	0.00283456
Pf3D7_08_v3	489226	0.133452	0.0698925	0.0236892
Pf3D7_08_v3	490413	0.599291	0.527174	0.00875577
Pf3D7_08_v3	490424	0.590106	0.510989	0.0115776
Pf3D7_08_v3	491231	0.119718	0.177419	0.0117982
Pf3D7_08_v3	491371	0.0897887	0.163043	0.0267063
Pf3D7_08_v3	492502	0.698944	0.611765	0.0173933
Pf3D7_08_v3	500772	0.153169	0.102151	0.00993086
Pf3D7_08_v3	502858	0.549296	0.634409	0.014418
Pf3D7_08_v3	509321	0.371479	0.209677	0.0762493
Pf3D7_08_v3	522638	0.117021	0.0645161	0.0163731
Pf3D7_08_v3	526923	0.464413	0.537634	0.00837561
Pf3D7_08_v3	533947	0.156028	0.0860215	0.0245381
Pf3D7_08_v3	536601	0.154275	0.0967742	0.0135442
Pf3D7_08_v3	546841	0.531373	0.586957	0.00224481
Pf3D7_08_v3	548801	0.399648	0.467391	0.00695932
Pf3D7_08_v3	549685	0.52993	0.380435	0.0534044
Pf3D7_08_v3	561624	0.695341	0.637363	0.0042726
Pf3D7_08_v3	572299	0.489437	0.559783	0.0076332
Pf3D7_08_v3	612596	0.216549	0.146067	0.0169216
Pf3D7_08_v3	615922	0.84854	0.788043	0.0108728
Pf3D7_08_v3	626266	0.386926	0.272059	0.0393825
Pf3D7_08_v3	693765	0.108156	0.16129	0.0101268
Pf3D7_08_v3	703811	0.179577	0.102273	0.0275628
Pf3D7_08_v3	706941	0.189531	0.130952	0.0115796
Pf3D7_08_v3	711421	0.667845	0.807692	0.0824313
Pf3D7_08_v3	712348	0.132042	0.08	0.0151264
Pf3D7_08_v3	724801	0.625	0.693548	0.00854145
Pf3D7_08_v3	753851	0.376325	0.317204	0.00509788
Pf3D7_08_v3	771719	0.639085	0.568182	0.00847526
Pf3D7_08_v3	776285	0.308099	0.227273	0.0192678
Pf3D7_08_v3	777710	0.195423	0.130682	0.0149855
Pf3D7_08_v3	796322	0.964286	0.903226	0.0340197
Pf3D7_08_v3	801085	0.332746	0.247059	0.0186925
Pf3D7_08_v3	806841	0.248214	0.177419	0.0140618
Pf3D7_08_v3	845431	0.223214	0.301075	0.0150606
Pf3D7_08_v3	845787	0.523132	0.602151	0.0113931
Pf3D7_08_v3	845861	0.137993	0.215054	0.0218667
Pf3D7_08_v3	919510	0.0229682	0.076087	0.0337047
Pf3D7_08_v3	919519	0.257951	0.177419	0.0199077
Pf3D7_08_v3	919556	0.236749	0.145161	0.0306739
Pf3D7_08_v3	922481	0.116197	0.188172	0.0207941
Pf3D7_08_v3	933060	0.609155	0.482759	0.037649
Pf3D7_08_v3	943546	0.200704	0.274194	0.0141396
Pf3D7_08_v3	983577	0.440647	0.350575	0.0169094
Pf3D7_08_v3	998576	0.144366	0.0714286	0.0377011
Pf3D7_08_v3	1008893	0.00880282	0.0895522	0.0974383
Pf3D7_08_v3	1019110	0.0992908	0.0376344	0.0334365
Pf3D7_08_v3	1031303	0.028169	0.0860215	0.0350721
Pf3D7_08_v3	1059290	0.0369718	0.0913978	0.0274684
Pf3D7_08_v3	1071107	0.0658363	0.0107527	0.0481351
Pf3D7_08_v3	1099848	0.697183	0.596774	0.023708
Pf3D7_08_v3	1102513	0.778169	0.676829	0.0302133
Pf3D7_08_v3	1102577	0.183099	0.123529	0.0125524
Pf3D7_08_v3	1111636	0.251761	0.179775	0.0152202
Pf3D7_08_v3	1111945	0.333922	0.392473	0.00413104
Pf3D7_08_v3	1114155	0.246479	0.182796	0.0104318
Pf3D7_08_v3	1116244	0.447183	0.5	0.00188606
Pf3D7_08_v3	1148694	0.287234	0.211957	0.0145396
Pf3D7_08_v3	1165651	0.454064	0.376344	0.011007
Pf3D7_08_v3	1169948	0.132042	0.195122	0.0142901
Pf3D7_08_v3	1174850	0.341549	0.290323	0.00239012
Pf3D7_08_v3	1176413	0.559859	0.462366	0.0194201
Pf3D7_08_v3	1196266	0.544014	0.424731	0.0321036
Pf3D7_08_v3	1208302	0.451957	0.309859	0.0567159
Pf3D7_08_v3	1208304	0.132143	0.0714286	0.0239987
Pf3D7_08_v3	1221638	0.333922	0.26087	0.0113523
Pf3D7_08_v3	1250274	0.0921986	0.146739	0.0131161
Pf3D7_08_v3	1262503	0.102473	0.155914	0.0113677
Pf3D7_08_v3	1262613	0.0600707	0.123656	0.0258397
Pf3D7_08_v3	1278610	0.151943	0.0914634	0.0180074
Pf3D7_08_v3	1290466	0.43662	0.49	0.00130259
Pf3D7_08_v3	1290857	0.068662	0.126506	0.0203223
Pf3D7_08_v3	1290961	0.190141	0.136905	0.00831296
Pf3D7_08_v3	1296850	0.204225	0.263158	0.00856399
Pf3D7_08_v3	1310722	0.227113	0.283582	0.00595872
Pf3D7_08_v3	1310759	0.417254	0.262295	0.0794104
Pf3D7_08_v3	1310760	0.626761	0.507937	0.0392962
Pf3D7_08_v3	1310810	0.31162	0.25	0.0080194
Pf3D7_08_v3	1310866	0.294014	0.192308	0.043193
Pf3D7_08_v3	1310920	0.0671378	0	0.113009
Pf3D7_08_v3	1314649	0.676056	0.559524	0.0511993
Pf3D7_08_v3	1314831	0.746479	0.5	0.249024
Pf3D7_08_v3	1314882	0.679577	0.5125	0.111561
Pf3D7_08_v3	1315568	0.0704225	0.152439	0.0414254
Pf3D7_08_v3	1315884	0.510563	0.455056	0.00244321
Pf3D7_08_v3	1316733	0.0633803	0.139785	0.0362993
Pf3D7_08_v3	1316777	0.14311	0.0913978	0.0112173
Pf3D7_08_v3	1325187	0.376761	0.286885	0.0226995
Pf3D7_08_v3	1335620	0.0140845	0.0645161	0.0379185
Pf3D7_08_v3	1344546	0.329225	0.393258	0.00624117
Pf3D7_08_v3	1362947	0.209507	0.132075	0.0307744
Pf3D7_08_v3	1363159	0.672535	0.558824	0.0427495
Pf3D7_08_v3	1363160	0.598592	0.408333	0.108723
Pf3D7_08_v3	1363249	0.473592	0.372881	0.0281457
Pf3D7_08_v3	1363287	0.04947	0.116071	0.0459392
Pf3D7_08_v3	1363293	0.0498221	0.116071	0.0450888
Pf3D7_08_v3	1363303	0.482394	0.416667	0.00765603
Pf3D7_08_v3	1363313	0.0441696	0.114035	0.0525674
Pf3D7_08_v3	1363314	0.0441696	0.114035	0.0525674
Pf3D7_08_v3	1363319	0.0441696	0.114035	0.0525674
Pf3D7_08_v3	1363324	0.0441696	0.110169	0.0467012
Pf3D7_08_v3	1363341	0.480634	0.411765	0.00871814
Pf3D7_08_v3	1363357	0.0459364	0.104839	0.0362123
Pf3D7_08_v3	1363365	0.0459364	0.103175	0.0340377
Pf3D7_08_v3	1363485	0.417254	0.294521	0.0426128
Pf3D7_08_v3	1363510	0.463028	0.348684	0.0331385
Pf3D7_08_v3	1363564	0.448944	0.3125	0.0520486
Pf3D7_09_v3	85450	0.169014	0.11413	0.0112008
Pf3D7_09_v3	109742	0.283451	0.360215	0.0124874
Pf3D7_09_v3	115178	0.137324	0.0706522	0.0263173
Pf3D7_09_v3	127567	0.176056	0.107527	0.020329
Pf3D7_09_v3	143396	0.334507	0.396739	0.00552044
Pf3D7_09_v3	145143	0.345745	0.188172	0.0753514
Pf3D7_09_v3	152621	0.323944	0.391892	0.00839999
Pf3D7_09_v3	158439	0.197183	0.0987654	0.0474424
Pf3D7_09_v3	158728	0.452297	0.316176	0.0530661
Pf3D7_09_v3	163092	0.161972	0.103261	0.0143502
Pf3D7_09_v3	202903	0.533451	0.463235	0.00841748
Pf3D7_09_v3	203070	0.628521	0.540541	0.0172418
Pf3D7_09_v3	203167	0.649648	0.524691	0.0390945
Pf3D7_09_v3	203179	0.616197	0.518072	0.0213721
Pf3D7_09_v3	203308	0.684859	0.538961	0.0574431
Pf3D7_09_v3	203959	0.651408	0.738095	0.021808
Pf3D7_09_v3	214546	0.109155	0.0591398	0.0161277
Pf3D7_09_v3	216258	0.228873	0.166667	0.0107262
Pf3D7_09_v3	230884	0.100352	0.0444444	0.025318
Pf3D7_09_v3	231065	0.572183	0.683544	0.0314514
Pf3D7_09_v3	282699	0.475	0.576923	0.022138
Pf3D7_09_v3	282708	0.498214	0.61413	0.0303264
Pf3D7_09_v3	282775	0.400356	0.467742	0.00699339
Pf3D7_09_v3	282776	0.400356	0.467742	0.00699339
Pf3D7_09_v3	283759	0.517606	0.456522	0.00462932
Pf3D7_09_v3	302477	0.867958	0.94086	0.0353997
Pf3D7_09_v3	319442	0.18662	0.247312	0.00895628
Pf3D7_09_v3	334350	0.772887	0.722826	0.00320632
Pf3D7_09_v3	348356	0.0642857	0	0.08125
Pf3D7_09_v3	348948	0.794014	0.684783	0.035171
Pf3D7_09_v3	370170	0.0462633	0.10989	0.0307908
Pf3D7_09_v3	407829	0.30212	0.246377	0.00509028
Pf3D7_09_v3	419369	0.508834	0.440476	0.00704467
Pf3D7_09_v3	454887	0.846831	0.796703	0.00557623
Pf3D7_09_v3	478759	0.0795053	0.00561798	0.0811985
Pf3D7_09_v3	482919	0.933099	0.870787	0.0239507
Pf3D7_09_v3	515904	0.657244	0.507576	0.0644546
Pf3D7_09_v3	516624	0.139085	0.0887097	0.0134042
Pf3D7_09_v3	520326	0.77993	0.708333	0.01255
Pf3D7_09_v3	530871	0.00363636	0.076087	0.0802976
Pf3D7_09_v3	545174	0.869258	0.809783	0.0118361
Pf3D7_09_v3	588370	0.0585106	0	0.126809
Pf3D7_09_v3	595955	0.18662	0.0674157	0.0784357
Pf3D7_09_v3	595969	0.207746	0.103448	0.0501473
Pf3D7_09_v3	596267	0.137324	0.0192308	0.125026
Pf3D7_09_v3	597897	0.542254	0.454545	0.0162219
Pf3D7_09_v3	602885	0.411661	0.505682	0.0184295
Pf3D7_09_v3	659104	0.0833333	0.0215054	0.0445051
Pf3D7_09_v3	670289	0.164894	0.258065	0.0285417
Pf3D7_09_v3	671222	0.294014	0.344086	0.00225865
Pf3D7_09_v3	689176	0.950704	0.876344	0.0401588
Pf3D7_09_v3	690849	0.119718	0.172043	0.0090576
Pf3D7_09_v3	692496	0.0956679	0.0430108	0.0226885
Pf3D7_09_v3	707723	0.068662	0.0178571	0.0378332
Pf3D7_09_v3	723935	0.0950704	0.0430108	0.0222859
Pf3D7_09_v3	747558	0.262411	0.188172	0.0153019
Pf3D7_09_v3	771645	0.421245	0.365591	0.00294735
Pf3D7_09_v3	804854	0.790493	0.73913	0.00396902
Pf3D7_09_v3	850094	0.31338	0.405556	0.0193642
Pf3D7_09_v3	853207	0.924296	0.863095	0.0217873
Pf3D7_09_v3	882024	0.0516014	0.107527	0.0223606
Pf3D7_09_v3	900277	0.142349	0.195652	0.00800807
Pf3D7_09_v3	917213	0.5	0.445055	0.0024908
Pf3D7_09_v3	917264	0.369718	0.317204	0.00231947
Pf3D7_09_v3	951801	0.183099	0.129213	0.00936132
Pf3D7_09_v3	963561	0.0862676	0.02	0.0570251
Pf3D7_09_v3	972676	0.147887	0.0913978	0.0143338
Pf3D7_09_v3	981718	0.139085	0.0869565	0.0125374
Pf3D7_09_v3	984241	0.131673	0.0786517	0.0146929
Pf3D7_09_v3	995408	0.0862676	0.0163043	0.060211
Pf3D7_09_v3	1011405	0.336918	0.434783	0.0208998
Pf3D7_09_v3	1054710	0.209507	0.26087	0.00397208
Pf3D7_09_v3	1078816	0.697183	0.646667	0.00175615
Pf3D7_09_v3	1140901	0.065371	0.137363	0.032216
Pf3D7_09_v3	1171737	0.0809859	0.0284091	0.0312287
Pf3D7_09_v3	1173326	0.677817	0.607527	0.00882353
Pf3D7_09_v3	1179069	0.760563	0.707547	0.00445324
Pf3D7_09_v3	1185420	0.0565371	0.127907	0.0355698
Pf3D7_09_v3	1202246	0.389925	0.327381	0.00547315
Pf3D7_09_v3	1202252	0.389925	0.327381	0.00547315
Pf3D7_09_v3	1202254	0.391791	0.321429	0.00853015
Pf3D7_09_v3	1202713	0.346831	0.270492	0.0155485
Pf3D7_09_v3	1202733	0.390845	0.277778	0.0393785
Pf3D7_09_v3	1206408	0.305654	0.469231	0.0800199
Pf3D7_09_v3	1206484	0.408127	0.543478	0.0496047
Pf3D7_09_v3	1233910	0.0387324	0.106061	0.0455772
Pf3D7_09_v3	1239513	0.121269	0.0666667	0.0171469
Pf3D7_09_v3	1249583	0.0598592	0.00549451	0.0560381
Pf3D7_09_v3	1270380	0.40669	0.325581	0.0133661
Pf3D7_09_v3	1282611	0.0739437	0.0107527	0.0584473
Pf3D7_09_v3	1282840	0.0638298	0.129032	0.0267133
Pf3D7_09_v3	1378602	0.294014	0.17033	0.0509307
Pf3D7_09_v3	1379145	0.628521	0.565934	0.00530161
Pf3D7_09_v3	1379494	0.536972	0.44086	0.0187538
Pf3D7_09_v3	1414361	0.309859	0.258065	0.00321475
Pf3D7_09_v3	1414426	0.0193662	0.0698925	0.033461
Pf3D7_09_v3	1415251	0.0985915	0.151163	0.0112043
Pf3D7_09_v3	1416383	0.0277778	0.0824176	0.0313458
Pf3D7_09_v3	1433621	0.260563	0.311828	0.00320721
Pf3D7_10_v3	70764	0.850534	0.770115	0.0225438
Pf3D7_10_v3	73509	0.280142	0.185393	0.0281218
Pf3D7_10_v3	75884	0.707746	0.60119	0.0287254
Pf3D7_10_v3	81726	0.205357	0.150538	0.00788629
Pf3D7_10_v3	87116	0.130282	0.0588235	0.0349165
Pf3D7_10_v3	87154	0.448944	0.553571	0.0244253
Pf3D7_10_v3	92927	0.241197	0.190217	0.00437846
Pf3D7_10_v3	113505	0.492958	0.413043	0.011437
Pf3D7_10_v3	113582	0.491197	0.396739	0.0184077
Pf3D7_10_v3	113618	0.489437	0.411111	0.0110183
Pf3D7_10_v3	113768	0.117958	0.0561798	0.0262424
Pf3D7_10_v3	130334	0.0299296	0.0860215	0.0322834
Pf3D7_10_v3	137081	0.28169	0.177419	0.0349217
Pf3D7_10_v3	145214	0.0950704	0.16129	0.0201852
Pf3D7_10_v3	149861	0.498182	0.428571	0.00737222
Pf3D7_10_v3	153572	0.117958	0.0526316	0.033636
Pf3D7_10_v3	175674	0.716071	0.590909	0.0433078
Pf3D7_10_v3	191040	0.0193662	0.0714286	0.0356872
Pf3D7_10_v3	195405	0.480496	0.426136	0.00233729
Pf3D7_10_v3	195593	0.125442	0.0645161	0.0229557
Pf3D7_10_v3	217875	0.40669	0.333333	0.00994001
Pf3D7_10_v3	217900	0.403169	0.322581	0.0131912
Pf3D7_10_v3	223045	0.408451	0.462366	0.00260709
Pf3D7_10_v3	223046	0.408451	0.462366	0.00260709
Pf3D7_10_v3	223064	0.397887	0.451613	0.00258482
Pf3D7_10_v3	225629	0.385563	0.320652	0.00670078
Pf3D7_10_v3	233558	0.304577	0.198718	0.0368859
Pf3D7_10_v3	241898	0.89576	0.951613	0.0234767
Pf3D7_10_v3	270983	0.137809	0.195652	0.0105561
Pf3D7_10_v3	294971	0.206406	0.138889	0.0154901
Pf3D7_10_v3	325616	0.206714	0.122642	0.0385302
Pf3D7_10_v3	331755	0.0045045	0.0820896	0.0891089
Pf3D7_10_v3	335297	0.586268	0.525641	0.00564572
Pf3D7_10_v3	336274	0.852113	0.698413	0.0985574
Pf3D7_10_v3	382041	0.887324	0.816092	0.0214209
Pf3D7_10_v3	397013	0.733216	0.826087	0.027832
Pf3D7_10_v3	416039	0.874552	0.77957	0.0354521
Pf3D7_10_v3	471382	0.464664	0.360215	0.0244628
Pf3D7_10_v3	471727	0.3213	0.377778	0.00354409
Pf3D7_10_v3	511300	0.302817	0.217391	0.0197692
Pf3D7_10_v3	513474	0.804577	0.7375	0.0118708
Pf3D7_10_v3	558456	0.484155	0.34375	0.051223
Pf3D7_10_v3	558458	0.295775	0.176829	0.0487498
Pf3D7_10_v3	579870	0.119718	0.0514706	0.0395893
Pf3D7_10_v3	588572	0.102837	0.0494505	0.0216978
Pf3D7_10_v3	631276	0.651943	0.730769	0.0139986
Pf3D7_10_v3	634750	0.302817	0.231183	0.012035
Pf3D7_10_v3	669908	0.264085	0.211957	0.0043444
Pf3D7_10_v3	675913	0.538732	0.423913	0.0296339
Pf3D7_10_v3	676002	0.538869	0.440217	0.0205234
Pf3D7_10_v3	682363	0.489362	0.435484	0.00241683
Pf3D7_10_v3	682381	0.498227	0.44086	0.00344076
Pf3D7_10_v3	714013	0.265845	0.358696	0.021296
Pf3D7_10_v3	716468	0.269366	0.213483	0.00564873
Pf3D7_10_v3	720653	0.0387324	0.0965909	0.0300555
Pf3D7_10_v3	728132	0.413732	0.307692	0.0269497
Pf3D7_10_v3	731731	0.0792254	0.016129	0.0515292
Pf3D7_10_v3	740709	0.378521	0.266304	0.0325527
Pf3D7_10_v3	762490	0.0792254	0.0104167	0.0956208
Pf3D7_10_v3	764091	0.441901	0.363014	0.0126035
Pf3D7_10_v3	770228	0.184859	0.131868	0.00841301
Pf3D7_10_v3	801619	0.274648	0.159341	0.0462931
Pf3D7_10_v3	802975	0.0211268	0.0752688	0.0358444
Pf3D7_10_v3	821899	0.816901	0.742857	0.0180058
Pf3D7_10_v3	830561	0.00179211	0.0549451	0.060274
Pf3D7_10_v3	852066	0.0176056	0.0681818	0.0361795
Pf3D7_10_v3	862077	0.338028	0.440217	0.0236025
Pf3D7_10_v3	878609	0.157801	0.0948276	0.0239827
Pf3D7_10_v3	878682	0.315141	0.196721	0.0532408
Pf3D7_10_v3	921759	0.0862676	0.0215054	0.0488526
Pf3D7_10_v3	922459	0.0848057	0.0268817	0.0356657
Pf3D7_10_v3	989350	0.0214286	0.0806452	0.0411015
Pf3D7_10_v3	1031258	0.128521	0.0706522	0.019321
Pf3D7_10_v3	1046851	0.0704225	0.13587	0.0247317
Pf3D7_10_v3	1077376	0.0388693	0.107527	0.0391748
Pf3D7_10_v3	1111441	0.496479	0.395062	0.0232679
Pf3D7_10_v3	1126676	0.485816	0.384615	0.0222212
Pf3D7_10_v3	1128179	0.25	0.192308	0.00740588
Pf3D7_10_v3	1138019	0.294014	0.348837	0.00337255
Pf3D7_10_v3	1165445	0.0774648	0.132184	0.0160467
Pf3D7_10_v3	1172712	0.545936	0.731183	0.0888973
Pf3D7_10_v3	1295838	0.217314	0.155914	0.0107906
Pf3D7_10_v3	1318156	0.237676	0.290323	0.00402122
Pf3D7_10_v3	1325969	0.0739437	0	0.129269
Pf3D7_10_v3	1325994	0.393993	0.285714	0.0446079
Pf3D7_10_v3	1325996	0.393993	0.27907	0.0508958
Pf3D7_10_v3	1326014	0.119718	0.0294118	0.0973852
Pf3D7_10_v3	1326050	0.640071	0.452381	0.130636
Pf3D7_10_v3	1326055	0.583929	0.5	0.0194271
Pf3D7_10_v3	1326428	0.167254	0.111111	0.0148921
Pf3D7_10_v3	1373309	0.295775	0.231183	0.00858946
Pf3D7_10_v3	1380549	0.173432	0.269231	0.0286237
Pf3D7_10_v3	1381611	0.150177	0.215054	0.0131011
Pf3D7_10_v3	1383868	0.276408	0.329114	0.00311605
Pf3D7_10_v3	1384253	0.239437	0.336207	0.031065
Pf3D7_10_v3	1386094	0.267857	0.0984848	0.13404
Pf3D7_10_v3	1386107	0.340502	0.101695	0.232928
Pf3D7_10_v3	1386703	0.22007	0.146739	0.0184087
Pf3D7_10_v3	1386799	0.325704	0.225806	0.0274344
Pf3D7_10_v3	1386850	0.318021	0.211957	0.0326785
Pf3D7_10_v3	1386913	0.477113	0.360215	0.0313278
Pf3D7_10_v3	1387021	0.498239	0.623656	0.0363293
Pf3D7_10_v3	1387048	0.538732	0.682796	0.0511893
Pf3D7_10_v3	1388434	0.440141	0.369565	0.00828051
Pf3D7_10_v3	1388554	0.117958	0.225275	0.0476623
Pf3D7_10_v3	1388898	0.0602837	0.130435	0.0322311
Pf3D7_10_v3	1389354	0.160211	0.10989	0.00900596
Pf3D7_10_v3	1392058	0.751761	0.823529	0.0155224
Pf3D7_10_v3	1405160	0.630742	0.721591	0.0198244
Pf3D7_10_v3	1407780	0.368794	0.296512	0.0106427
Pf3D7_10_v3	1407783	0.369258	0.296512	0.0108623
Pf3D7_10_v3	1407784	0.369258	0.296512	0.0108623
Pf3D7_10_v3	1407791	0.369258	0.296512	0.0108623
Pf3D7_10_v3	1410327	0.120141	0.0684932	0.0169749
Pf3D7_10_v3	1414316	0.413732	0.3125	0.0311444
Pf3D7_10_v3	1414333	0.693662	0.62963	0.00854238
Pf3D7_10_v3	1414598	0.153169	0.0952381	0.0177851
Pf3D7_10_v3	1414617	0.130282	0.0725806	0.022633
Pf3D7_10_v3	1414637	0.132509	0.0671642	0.0302023
Pf3D7_10_v3	1415066	0.189046	0.111111	0.0292222
Pf3D7_10_v3	1509426	0.260563	0.172043	0.0250138
Pf3D7_10_v3	1569780	0.153169	0.204301	0.0059943
Pf3D7_10_v3	1570136	0.0704225	0.120879	0.0137573
Pf3D7_10_v3	1570149	0.334507	0.384615	0.00155498
Pf3D7_11_v3	115512	0.667254	0.731183	0.00738097
Pf3D7_11_v3	119497	0.195423	0.132911	0.0145719
Pf3D7_11_v3	119609	0.394366	0.321918	0.0102177
Pf3D7_11_v3	120055	0.508803	0.375	0.05103
Pf3D7_11_v3	120479	0.0862676	0.139344	0.0162752
Pf3D7_11_v3	120802	0.0334507	0.0844156	0.0279047
Pf3D7_11_v3	137404	0.3125	0.236559	0.0135172
Pf3D7_11_v3	138691	0.617021	0.55914	0.0039417
Pf3D7_11_v3	138698	0.585106	0.532258	0.00209466
Pf3D7_11_v3	139030	0.523723	0.429348	0.0178397
Pf3D7_11_v3	190869	0.0158451	0.0674157	0.0394517
Pf3D7_11_v3	214842	0.156584	0.22043	0.0121813
Pf3D7_11_v3	219207	0.211268	0.145161	0.0145906
Pf3D7_11_v3	241964	0.0915493	0.0337079	0.0323888
Pf3D7_11_v3	265114	0.28169	0.228916	0.00443723
Pf3D7_11_v3	281726	0.316901	0.222973	0.0271585
Pf3D7_11_v3	284399	0.756184	0.666667	0.0214873
Pf3D7_11_v3	300038	0.190141	0.247312	0.00698472
Pf3D7_11_v3	301858	0.172535	0.231183	0.00856226
Pf3D7_11_v3	325228	0.0305755	0.102151	0.0483435
Pf3D7_11_v3	330305	0.367491	0.446237	0.0115046
Pf3D7_11_v3	347013	0.0721831	0.00581395	0.072855
Pf3D7_11_v3	389066	0.158451	0.108434	0.009359
Pf3D7_11_v3	395287	0.366667	0.25	0.0367593
Pf3D7_11_v3	408251	0.144366	0.2875	0.115873
Pf3D7_11_v3	408320	0.15669	0.239583	0.0322245
Pf3D7_11_v3	409617	0.56338	0.506173	0.00343546
Pf3D7_11_v3	433376	0.130282	0.225806	0.0359833
Pf3D7_11_v3	435211	0.115248	0.0380435	0.0491748
Pf3D7_11_v3	435509	0.142606	0.0869565	0.0153267
Pf3D7_11_v3	449093	0.573944	0.510753	0.0055593
Pf3D7_11_v3	473241	0.65669	0.602273	0.0029831
Pf3D7_11_v3	474387	0.783451	0.71875	0.0110996
Pf3D7_11_v3	477922	0.422535	0.277174	0.0552342
Pf3D7_11_v3	492772	0.230634	0.172222	0.00893597
Pf3D7_11_v3	494717	0.181338	0.107143	0.0380978
Pf3D7_11_v3	528463	0.320423	0.255952	0.00811051
Pf3D7_11_v3	528525	0.338028	0.246988	0.0221066
Pf3D7_11_v3	528561	0.325704	0.25	0.0139471
Pf3D7_11_v3	582114	0.0235294	0.0757576	0.0342759
Pf3D7_11_v3	582168	0.0931559	0.0227273	0.0601986
Pf3D7_11_v3	582324	0.144928	0.0890411	0.015998
Pf3D7_11_v3	593409	0.115248	0.0568182	0.0242047
Pf3D7_11_v3	690139	0.274648	0.214286	0.011132
Pf3D7_11_v3	690218	0.111307	0.0434783	0.0542909
Pf3D7_11_v3	694933	0.373239	0.505376	0.0409133
Pf3D7_11_v3	696098	0.806338	0.706522	0.0443621
Pf3D7_11_v3	721435	0.0388693	0.0913978	0.0238021
Pf3D7_11_v3	723280	0.346429	0.456044	0.0272854
Pf3D7_11_v3	740809	0.244718	0.313433	0.0120967
Pf3D7_11_v3	779931	0.096831	0.0288462	0.0633043
Pf3D7_11_v3	787953	0.351064	0.295699	0.00383608
Pf3D7_11_v3	812065	0.306338	0.148438	0.102631
Pf3D7_11_v3	815621	0.178445	0.244565	0.0122929
Pf3D7_11_v3	822260	0.15669	0.1	0.0137106
Pf3D7_11_v3	823289	0.068662	0.130682	0.0231552
Pf3D7_11_v3	902534	0.22007	0.284946	0.00910896
Pf3D7_11_v3	954691	0.0862676	0.032967	0.0284743
Pf3D7_11_v3	999375	0.626786	0.564516	0.00529007
Pf3D7_11_v3	1003650	0.92	0.983696	0.0518836
Pf3D7_11_v3	1009859	0.580986	0.476744	0.0240219
Pf3D7_11_v3	1015699	0.0739437	0.0212766	0.0502975
Pf3D7_11_v3	1020026	0.393238	0.451613	0.0037781
Pf3D7_11_v3	1021120	0.0915493	0.0388889	0.0245234
Pf3D7_11_v3	1033750	0.436396	0.360215	0.0108664
Pf3D7_11_v3	1038134	0.223592	0.139785	0.026023
Pf3D7_11_v3	1038582	0.110915	0.0591398	0.0169823
Pf3D7_11_v3	1043346	0.55283	0.448276	0.027741
Pf3D7_11_v3	1051419	0.882042	0.817204	0.0160888
Pf3D7_11_v3	1052660	0.139576	0.0698925	0.0283991
Pf3D7_11_v3	1100269	0.864437	0.808333	0.0116454
Pf3D7_11_v3	1114208	0.359155	0.277174	0.0150406
Pf3D7_11_v3	1114979	0.408451	0.33871	0.00842861
Pf3D7_11_v3	1126115	0.517668	0.586207	0.00701994
Pf3D7_11_v3	1127117	0.401408	0.469136	0.00683736
Pf3D7_11_v3	1141641	0.212014	0.263441	0.00426334
Pf3D7_11_v3	1172708	0.0319149	0.0888889	0.0316981
Pf3D7_11_v3	1177029	0.10424	0.16129	0.0128531
Pf3D7_11_v3	1181093	0.721831	0.5125	0.17519
Pf3D7_11_v3	1208199	0.141071	0.0752688	0.0240734
Pf3D7_11_v3	1209400	0.397527	0.5	0.0227264
Pf3D7_11_v3	1230769	0.115248	0.0574713	0.0231066
Pf3D7_11_v3	1256754	0.265845	0.353261	0.0185096
Pf3D7_11_v3	1258215	0.0531915	0.107527	0.0203899
Pf3D7_11_v3	1263156	0.177817	0.119565	0.0123247
Pf3D7_11_v3	1313769	0.702899	0.633333	0.00988781
Pf3D7_11_v3	1333829	0.846831	0.784946	0.0112951
Pf3D7_11_v3	1346717	0.0583039	0.112903	0.0199678
Pf3D7_11_v3	1355726	0.397527	0.241935	0.0662069
Pf3D7_11_v3	1382197	0.775801	0.870968	0.0354741
Pf3D7_11_v3	1448489	0.24911	0.311828	0.00726499
Pf3D7_11_v3	1457007	0.139085	0.0591398	0.0415384
Pf3D7_11_v3	1457009	0.153169	0.0591398	0.055117
Pf3D7_11_v3	1464120	0.379859	0.440217	0.00459255
Pf3D7_11_v3	1468039	0.590106	0.677778	0.0166756
Pf3D7_11_v3	1476547	0.228571	0.290323	0.00764578
Pf3D7_11_v3	1508304	0.0985915	0.0416667	0.0351626
Pf3D7_11_v3	1520978	0.0440141	0.1	0.0255002
Pf3D7_11_v3	1539737	0.244718	0.168478	0.0182156
Pf3D7_11_v3	1543626	0.5	0.406593	0.0178268
Pf3D7_11_v3	1552606	0.0636042	0.01	0.0672995
Pf3D7_11_v3	1557470	0.464789	0.403226	0.00456814
Pf3D7_11_v3	1560887	0.119718	0.0675676	0.0170986
Pf3D7_11_v3	1563261	0.184859	0.0815217	0.0551231
Pf3D7_11_v3	1563321	0.498239	0.604396	0.0250518
Pf3D7_11_v3	1570319	0.153409	0.0923913	0.0170316
Pf3D7_11_v3	1637299	0.144366	0.0659341	0.0376722
Pf3D7_11_v3	1638400	0.121479	0.204819	0.0293421
Pf3D7_11_v3	1640186	0.448944	0.38172	0.00690418
Pf3D7_11_v3	1640669	0.702465	0.641176	0.00604928
Pf3D7_11_v3	1640767	0.380282	0.295775	0.0181159
Pf3D7_11_v3	1646797	0.242958	0.354839	0.0339145
Pf3D7_11_v3	1677370	0.139085	0.0806452	0.0174468
Pf3D7_11_v3	1712039	0.265845	0.193548	0.0143361
Pf3D7_11_v3	1723625	0.0352113	0.0898876	0.027981
Pf3D7_11_v3	1743886	0.0641026	0.11413	0.0142623
Pf3D7_11_v3	1743972	0.475	0.397849	0.0105887
Pf3D7_11_v3	1749819	0.639085	0.570312	0.00889094
Pf3D7_11_v3	1750995	0.424028	0.508621	0.0166986
Pf3D7_11_v3	1789476	0.0704225	0.0163043	0.0413948
Pf3D7_11_v3	1807591	0.744718	0.645161	0.0256157
Pf3D7_11_v3	1807598	0.742049	0.650538	0.0208385
Pf3D7_11_v3	1807616	0.736749	0.639785	0.023703
Pf3D7_11_v3	1807633	0.742049	0.639785	0.0270485
Pf3D7_11_v3	1807675	0.225352	0.288043	0.00821546
Pf3D7_11_v3	1811834	0.818021	0.75	0.0128668
Pf3D7_11_v3	1834422	0.229391	0.288043	0.00606662
Pf3D7_11_v3	1879228	0.170775	0.0955056	0.0274212
Pf3D7_11_v3	1885415	0.454225	0.390909	0.00624594
Pf3D7_11_v3	1900435	0.612676	0.678571	0.00732917
Pf3D7_11_v3	1935051	0.961268	0.905063	0.0301937
Pf3D7_11_v3	1935227	0.867491	0.769737	0.040125
Pf3D7_11_v3	1968170	0.477113	0.426136	0.00127105
Pf3D7_11_v3	1986214	0.330986	0.263441	0.00908673
Pf3D7_11_v3	1986217	0.330986	0.263441	0.00908673
Pf3D7_11_v3	2001345	0.647163	0.701389	0.00362558
Pf3D7_11_v3	2002782	0.885159	0.827586	0.0124288
Pf3D7_11_v3	2002933	0.842803	0.792135	0.00575799
Pf3D7_12_v3	63393	0.756184	0.807692	0.00508605
Pf3D7_12_v3	70130	0.0950704	0.157609	0.0179871
Pf3D7_12_v3	83177	0.471831	0.379032	0.0215421
Pf3D7_12_v3	90666	0.327465	0.423913	0.0208288
Pf3D7_12_v3	92535	0.230496	0.298913	0.0104292
Pf3D7_12_v3	96155	0.485915	0.584906	0.0281549
Pf3D7_12_v3	96157	0.489437	0.584906	0.0256769
Pf3D7_12_v3	96388	0.459507	0.514085	0.00199412
Pf3D7_12_v3	96594	0.420775	0.5	0.01311
Pf3D7_12_v3	102417	0.829225	0.768817	0.00954231
Pf3D7_12_v3	117373	0.037234	0.107527	0.0422225
Pf3D7_12_v3	126912	0.0145455	0.0714286	0.0445941
Pf3D7_12_v3	174880	0.0264085	0.0888889	0.0420935
Pf3D7_12_v3	175141	0.111307	0.188235	0.0261349
Pf3D7_12_v3	181371	0.0688406	0.0108696	0.0508437
Pf3D7_12_v3	192650	0.388235	0.314607	0.00941476
Pf3D7_12_v3	234147	0.418728	0.349462	0.00798095
Pf3D7_12_v3	246765	0.0706714	0.0107527	0.0541572
Pf3D7_12_v3	350796	0.609155	0.515152	0.0216525
Pf3D7_12_v3	362721	0.0475352	0.152941	0.0764268
Pf3D7_12_v3	368522	0.211268	0.15	0.0133645
Pf3D7_12_v3	371843	0.0933099	0.0365854	0.0316777
Pf3D7_12_v3	372638	0.125442	0.0537634	0.0354653
Pf3D7_12_v3	379331	0.575704	0.626761	0.00107624
Pf3D7_12_v3	381788	0.28169	0.231183	0.00348641
Pf3D7_12_v3	382400	0.215548	0.129032	0.0290737
Pf3D7_12_v3	386081	0.364437	0.175325	0.118942
Pf3D7_12_v3	386958	0.0795053	0.0268817	0.030939
Pf3D7_12_v3	428850	0.950704	0.897849	0.0205703
Pf3D7_12_v3	440940	0.0685921	0.0119048	0.0508392
Pf3D7_12_v3	492095	0.690141	0.761194	0.0132652
Pf3D7_12_v3	511975	0.068662	0.0108696	0.0771262
Pf3D7_12_v3	550805	0.759717	0.701087	0.0059065
Pf3D7_12_v3	627889	0.0352113	0.104396	0.0429506
Pf3D7_12_v3	643241	0.294014	0.36413	0.00914253
Pf3D7_12_v3	649400	0.552817	0.483871	0.00735398
Pf3D7_12_v3	659823	0.40493	0.467033	0.0048533
Pf3D7_12_v3	659930	0.778169	0.693548	0.0188628
Pf3D7_12_v3	679192	0.25	0.375	0.042122
Pf3D7_12_v3	698136	0.802817	0.752688	0.0041951
Pf3D7_12_v3	718518	0.107774	0.00537634	0.116982
Pf3D7_12_v3	726602	0.40493	0.505376	0.0213924
Pf3D7_12_v3	742928	0.139576	0.0752688	0.0227715
Pf3D7_12_v3	748910	0.0809859	0.00793651	0.0915657
Pf3D7_12_v3	758869	0.0651408	0.00694444	0.0652443
Pf3D7_12_v3	763627	0.0902527	0.0304878	0.0370635
Pf3D7_12_v3	788831	0.0598592	0	0.104017
Pf3D7_12_v3	802744	0.774648	0.677419	0.0259019
Pf3D7_12_v3	803229	0.28169	0.33871	0.00452337
Pf3D7_12_v3	803509	0.202465	0.13587	0.0155372
Pf3D7_12_v3	807679	0.132042	0.0806452	0.0127795
Pf3D7_12_v3	812812	0.205986	0.266304	0.00789151
Pf3D7_12_v3	836994	0.30742	0.25	0.00531816
Pf3D7_12_v3	853166	0.0299296	0.0815217	0.0279871
Pf3D7_12_v3	857386	0.308099	0.255814	0.00318174
Pf3D7_12_v3	862371	0.0387324	0.106742	0.0395123
Pf3D7_12_v3	907264	0.789753	0.849462	0.0102395
Pf3D7_12_v3	913124	0.455986	0.402174	0.0023413
Pf3D7_12_v3	943339	0.485915	0.417808	0.00766096
Pf3D7_12_v3	994408	0.040493	0.103261	0.0327293
Pf3D7_12_v3	1005145	0.213028	0.327778	0.0385731
Pf3D7_12_v3	1014714	0.662544	0.6	0.00549246
Pf3D7_12_v3	1014752	0.425795	0.532468	0.0268217
Pf3D7_12_v3	1015328	0.318662	0.260563	0.00568965
Pf3D7_12_v3	1020211	0.207447	0.27957	0.0131316
Pf3D7_12_v3	1020469	0.0387324	0.0923913	0.0250745
Pf3D7_12_v3	1037370	0.0369718	0.110294	0.0531099
Pf3D7_12_v3	1069826	0.132042	0.0645161	0.0285651
Pf3D7_12_v3	1100564	0.205986	0.28022	0.0145707
Pf3D7_12_v3	1131606	0.399648	0.456989	0.00353052
Pf3D7_12_v3	1162825	0.105634	0.0432099	0.0342956
Pf3D7_12_v3	1170496	0.0528169	0.108974	0.0239083
Pf3D7_12_v3	1172157	0.268683	0.347826	0.0135865
Pf3D7_12_v3	1172208	0.256272	0.177419	0.0187187
Pf3D7_12_v3	1174709	0.839789	0.784615	0.00842453
Pf3D7_12_v3	1183319	0.452899	0.392473	0.00426134
Pf3D7_12_v3	1193690	0.278169	0.152174	0.0555515
Pf3D7_12_v3	1197074	0.841549	0.781609	0.0103119
Pf3D7_12_v3	1204724	0.114391	0.0380435	0.0475426
Pf3D7_12_v3	1212111	0.558304	0.490566	0.00790432
Pf3D7_12_v3	1212117	0.551418	0.5	0.000834762
Pf3D7_12_v3	1229032	0.711744	0.778409	0.0102017
Pf3D7_12_v3	1236167	0.0706522	0.0168539	0.0397451
Pf3D7_12_v3	1243586	0.128114	0.0724638	0.0192419
Pf3D7_12_v3	1292047	0.123239	0.0689655	0.0174636
Pf3D7_12_v3	1306870	0.232143	0.284946	0.00391538
Pf3D7_12_v3	1320059	0.501767	0.607527	0.0243356
Pf3D7_12_v3	1338543	0.366197	0.247312	0.0381016
Pf3D7_12_v3	1394482	0.209507	0.0892857	0.0889827
Pf3D7_12_v3	1395317	0.128521	0.208333	0.0255666
Pf3D7_12_v3	1415963	0.118375	0.0591398	0.0231349
Pf3D7_12_v3	1416926	0.0305755	0.0888889	0.034232
Pf3D7_12_v3	1491876	0.135563	0.0818182	0.0186903
Pf3D7_12_v3	1513332	0.0123239	0.0724638	0.0603077
Pf3D7_12_v3	1516147	0.439929	0.358974	0.0135165
Pf3D7_12_v3	1521160	0.0757042	0.0163043	0.0471962
Pf3D7_12_v3	1523026	0.864437	0.791209	0.0193859
Pf3D7_12_v3	1523361	0.0640569	0.00666667	0.0631168
Pf3D7_12_v3	1541425	0.190141	0.129032	0.0127983
Pf3D7_12_v3	1548647	0.146643	0.247312	0.0364162
Pf3D7_12_v3	1565712	0.0704225	0.0107527	0.0536447
Pf3D7_12_v3	1640055	0.133803	0.0753425	0.0205808
Pf3D7_12_v3	1640056	0.380282	0.270833	0.0347104
Pf3D7_12_v3	1653113	0.128521	0.194444	0.0159369
Pf3D7_12_v3	1660616	0.295775	0.238636	0.00547525
Pf3D7_12_v3	1662569	0.198925	0.104651	0.0410495
Pf3D7_12_v3	1662640	0.177817	0.120482	0.0123464
Pf3D7_12_v3	1663492	0.380282	0.257353	0.0469356
Pf3D7_12_v3	1667498	0.464286	0.361702	0.0334828
Pf3D7_12_v3	1677214	0.10424	0.0138889	0.150964
Pf3D7_12_v3	1683311	0.96831	0.915493	0.032009
Pf3D7_12_v3	1685197	0.889085	0.837838	0.00990978
Pf3D7_12_v3	1747290	0.125	0.0677966	0.0241932
Pf3D7_12_v3	1762722	0.0863309	0.0322581	0.028577
Pf3D7_12_v3	1787279	0.242857	0.326087	0.0169118
Pf3D7_12_v3	1819120	0.0441696	0.11828	0.0422782
Pf3D7_12_v3	1904683	0.0352113	0.0978261	0.0362281
Pf3D7_12_v3	1939299	0.147887	0.0967742	0.0104452
Pf3D7_12_v3	1945719	0.161348	0.108696	0.01012
Pf3D7_12_v3	1959818	0.146643	0.211765	0.0137233
Pf3D7_12_v3	1960408	0.570423	0.625	0.00351008
Pf3D7_12_v3	1963992	0.126761	0.0537634	0.0376243
Pf3D7_12_v3	1996391	0.128975	0.025641	0.146084
Pf3D7_12_v3	2014634	0.103873	0.16129	0.0131544
Pf3D7_12_v3	2035308	0.0862676	0.0337079	0.0270823
Pf3D7_12_v3	2039509	0.434859	0.494624	0.00388734
Pf3D7_12_v3	2045903	0.123214	0.0517241	0.0468658
Pf3D7_12_v3	2045931	0.0975177	0.0446429	0.0298139
Pf3D7_12_v3	2068833	0.223592	0.164773	0.00943705
Pf3D7_12_v3	2069016	0.248239	0.186047	0.00986364
Pf3D7_12_v3	2092969	0.514085	0.397849	0.0303656
Pf3D7_12_v3	2100046	0.765845	0.714286	0.0033726
Pf3D7_12_v3	2103547	0.262324	0.198925	0.00917714
Pf3D7_12_v3	2145373	0.414591	0.493976	0.0114887
Pf3D7_13_v3	92637	0.450704	0.277027	0.087047
Pf3D7_13_v3	92800	0.524648	0.450617	0.009407
Pf3D7_13_v3	93019	0.446996	0.361842	0.0158457
Pf3D7_13_v3	93347	0.154412	0.0492958	0.0802331
Pf3D7_13_v3	127110	0.173913	0.263441	0.0247215
Pf3D7_13_v3	143109	0.644366	0.701087	0.00439734
Pf3D7_13_v3	148727	0.153169	0.0875	0.0226789
Pf3D7_13_v3	150114	0.376325	0.456989	0.0121686
Pf3D7_13_v3	155025	0.263251	0.206522	0.00630129
Pf3D7_13_v3	156363	0.170775	0.0934066	0.0295228
Pf3D7_13_v3	156602	0.411972	0.298913	0.031439
Pf3D7_13_v3	159086	0.380282	0.298913	0.014139
Pf3D7_13_v3	172373	0.0477032	0.142045	0.062746
Pf3D7_13_v3	191768	0.100352	0.0363636	0.048102
Pf3D7_13_v3	192974	0.522887	0.398148	0.0479998
Pf3D7_13_v3	194874	0.847518	0.702128	0.104444
Pf3D7_13_v3	200654	0.0606796	0.00537634	0.0489395
Pf3D7_13_v3	206393	0.040493	0.0955056	0.0260667
Pf3D7_13_v3	266967	0.892606	0.807229	0.0336317
Pf3D7_13_v3	283703	0.278169	0.182796	0.0281381
Pf3D7_13_v3	285932	0.261484	0.342391	0.015156
Pf3D7_13_v3	301446	0.610915	0.771739	0.0728873
Pf3D7_13_v3	308872	0.180212	0.0738636	0.0620781
Pf3D7_13_v3	315401	0.363475	0.268817	0.0220159
Pf3D7_13_v3	315647	0.4319	0.351648	0.0124744
Pf3D7_13_v3	366693	0.084507	0.0172414	0.0705502
Pf3D7_13_v3	379999	0.17029	0.104651	0.0276265
Pf3D7_13_v3	388365	0.815141	0.757576	0.0128739
Pf3D7_13_v3	388631	0.135563	0.0526316	0.0616234
Pf3D7_13_v3	388986	0.471831	0.534483	0.00546734
Pf3D7_13_v3	389148	0.197183	0.115385	0.0330971
Pf3D7_13_v3	400162	0.705882	0.413978	0.166761
Pf3D7_13_v3	403839	0.532727	0.587912	0.00232008
Pf3D7_13_v3	441802	0.040493	0.125	0.0555427
Pf3D7_13_v3	443191	0.0264085	0.0764706	0.0287313
Pf3D7_13_v3	445694	0.707746	0.787356	0.0170018
Pf3D7_13_v3	459685	0.121479	0.0526316	0.0434184
Pf3D7_13_v3	472038	0.373239	0.289157	0.0161822
Pf3D7_13_v3	488263	0.0721831	0.131579	0.0214771
Pf3D7_13_v3	530497	0.121479	0.037037	0.0776779
Pf3D7_13_v3	536714	0.1375	0.0869565	0.0118262
Pf3D7_13_v3	569858	0.142086	0.215054	0.0178462
Pf3D7_13_v3	576501	0.750883	0.688889	0.00723995
Pf3D7_13_v3	593626	0.257042	0.182432	0.0175983
Pf3D7_13_v3	594877	0.366197	0.242424	0.0498001
Pf3D7_13_v3	625988	0.172535	0.107595	0.0192073
Pf3D7_13_v3	667340	0.0803571	0.025641	0.0360665
Pf3D7_13_v3	686387	0.068662	0.00543478	0.0672551
Pf3D7_13_v3	697316	0.0862676	0.0333333	0.0300175
Pf3D7_13_v3	743560	0.477032	0.357143	0.0338508
Pf3D7_13_v3	758787	0.20318	0.266667	0.00941666
Pf3D7_13_v3	801722	0.583333	0.659341	0.0104803
Pf3D7_13_v3	822900	0.174296	0.123188	0.00899587
Pf3D7_13_v3	830803	0.184859	0.127778	0.0110042
Pf3D7_13_v3	842507	0.0355872	0.0860215	0.0237416
Pf3D7_13_v3	853715	0.0510563	0	0.10582
Pf3D7_13_v3	862548	0.133803	0.0746269	0.0228072
Pf3D7_13_v3	872241	0.211268	0.155914	0.00806278
Pf3D7_13_v3	892326	0.168478	0.219512	0.00537504
Pf3D7_13_v3	894657	0.211268	0.289773	0.0165574
Pf3D7_13_v3	911730	0.926056	0.865591	0.02041
Pf3D7_13_v3	921466	0.161972	0.0923913	0.0237134
Pf3D7_13_v3	934650	0.213781	0.146154	0.0176658
Pf3D7_13_v3	935043	0.0933099	0.0333333	0.0435999
Pf3D7_13_v3	935882	0.237676	0.307229	0.0111016
Pf3D7_13_v3	944400	0.210247	0.14557	0.0146759
Pf3D7_13_v3	944480	0.299296	0.196203	0.0347171
Pf3D7_13_v3	944597	0.198944	0.10625	0.0408525
Pf3D7_13_v3	986866	0.1787	0.11875	0.0145119
Pf3D7_13_v3	1004402	0.0651408	0.11828	0.0162811
Pf3D7_13_v3	1013674	0.172662	0.112903	0.0141391
Pf3D7_13_v3	1061296	0.290493	0.365591	0.011548
Pf3D7_13_v3	1072258	0.308099	0.25	0.00540722
Pf3D7_13_v3	1108891	0.146643	0.0892857	0.0160658
Pf3D7_13_v3	1143883	0.948944	0.897849	0.0190701
Pf3D7_13_v3	1155025	0.792419	0.693548	0.0280197
Pf3D7_13_v3	1155190	0.385563	0.304348	0.0140226
Pf3D7_13_v3	1174319	0.198944	0.322581	0.0463591
Pf3D7_13_v3	1175471	0.163732	0.107527	0.0124195
Pf3D7_13_v3	1175513	0.623239	0.543011	0.0120202
Pf3D7_13_v3	1187900	0.0545775	0	0.0811091
Pf3D7_13_v3	1188568	0.0985915	0.0267857	0.0680274
Pf3D7_13_v3	1191417	0.69788	0.76	0.00926544
Pf3D7_13_v3	1200911	0.235915	0.129032	0.0446285
Pf3D7_13_v3	1223604	0.332746	0.232143	0.0361189
Pf3D7_13_v3	1225110	0.141844	0.246835	0.0435064
Pf3D7_13_v3	1230403	0.262324	0.205479	0.0066876
Pf3D7_13_v3	1231430	0.322183	0.263158	0.00696159
Pf3D7_13_v3	1237623	0.125	0.0645161	0.0226609
Pf3D7_13_v3	1265571	0.552817	0.682796	0.0415173
Pf3D7_13_v3	1265672	0.477113	0.419355	0.0035157
Pf3D7_13_v3	1311128	0.394366	0.310976	0.0153929
Pf3D7_13_v3	1364938	0.0704225	0.00980392	0.078378
Pf3D7_13_v3	1370601	0.112676	0.0611111	0.0168587
Pf3D7_13_v3	1382698	0.521277	0.461111	0.00404712
Pf3D7_13_v3	1394842	0.820423	0.76087	0.0087568
Pf3D7_13_v3	1404127	0.649648	0.744444	0.0229598
Pf3D7_13_v3	1419144	0.260563	0.177778	0.0215145
Pf3D7_13_v3	1419415	0.440141	0.309783	0.042275
Pf3D7_13_v3	1419424	0.484155	0.641304	0.0599364
Pf3D7_13_v3	1419427	0.375	0.263441	0.0322959
Pf3D7_13_v3	1419448	0.823944	0.725806	0.0306141
Pf3D7_13_v3	1419451	0.375	0.263441	0.0322098
Pf3D7_13_v3	1419559	0.295775	0.184783	0.0385744
Pf3D7_13_v3	1465099	0.0580986	0.111111	0.0185234
Pf3D7_13_v3	1465170	0.617958	0.550562	0.00663483
Pf3D7_13_v3	1465176	0.304577	0.221591	0.0185815
Pf3D7_13_v3	1465341	0.359155	0.276471	0.0157237
Pf3D7_13_v3	1465494	0.25089	0.1625	0.0273674
Pf3D7_13_v3	1465731	0.625	0.558442	0.00686125
Pf3D7_13_v3	1466231	0.809859	0.75	0.00904856
Pf3D7_13_v3	1466252	0.304577	0.25	0.00485187
Pf3D7_13_v3	1498616	0.383929	0.461538	0.0112232
Pf3D7_13_v3	1557136	0.149648	0.0877193	0.0240352
Pf3D7_13_v3	1561702	0.163732	0.0967742	0.0206898
Pf3D7_13_v3	1595988	0.700704	0.650538	0.00229312
Pf3D7_13_v3	1599633	0.133803	0.0752688	0.0186109
Pf3D7_13_v3	1603150	0.198944	0.142857	0.00964185
Pf3D7_13_v3	1611108	0.0774648	0.129032	0.0137077
Pf3D7_13_v3	1611247	0.394366	0.291209	0.026214
Pf3D7_13_v3	1659533	0.135563	0.1875	0.00786592
Pf3D7_13_v3	1700345	0.889085	0.83871	0.00869887
Pf3D7_13_v3	1716321	0.551056	0.484127	0.0070423
Pf3D7_13_v3	1750965	0.292254	0.357143	0.00713255
Pf3D7_13_v3	1766359	0.211268	0.277778	0.0109296
Pf3D7_13_v3	1774926	0.491197	0.380435	0.0277755
Pf3D7_13_v3	1777417	0.213028	0.152941	0.0110156
Pf3D7_13_v3	1827570	0.230634	0.29375	0.00852474
Pf3D7_13_v3	1833552	0.657244	0.586207	0.00865851
Pf3D7_13_v3	1876423	0.556338	0.433333	0.0347538
Pf3D7_13_v3	1879538	0.0669014	0.0126582	0.0491873
Pf3D7_13_v3	1904706	0.117216	0.0322581	0.0606053
Pf3D7_13_v3	1909056	0.119217	0.0591398	0.0238647
Pf3D7_13_v3	1946395	0.264085	0.180233	0.0216817
Pf3D7_13_v3	1970443	0.581272	0.423913	0.0587847
Pf3D7_13_v3	1972073	0.433099	0.325397	0.0326929
Pf3D7_13_v3	1972169	0.43662	0.325758	0.0342741
Pf3D7_13_v3	1981018	0.778169	0.684211	0.0307832
Pf3D7_13_v3	1984018	0.349462	0.243421	0.0328167
Pf3D7_13_v3	1995595	0.47007	0.392473	0.0109224
Pf3D7_13_v3	2043725	0.413357	0.327586	0.0152769
Pf3D7_13_v3	2061301	0.0706714	0.123288	0.0167902
Pf3D7_13_v3	2070556	0.658363	0.543011	0.0308343
Pf3D7_13_v3	2074516	0.415493	0.317073	0.0232379
Pf3D7_13_v3	2102657	0.0636042	0	0.0818835
Pf3D7_13_v3	2103416	0.709507	0.642857	0.00795505
Pf3D7_13_v3	2104131	0.338652	0.197674	0.0624059
Pf3D7_13_v3	2105466	0.0334507	0.0852273	0.0271778
Pf3D7_13_v3	2114339	0.625	0.553333	0.00932486
Pf3D7_13_v3	2114518	0.471831	0.584416	0.0304927
Pf3D7_13_v3	2115047	0.52993	0.42623	0.0285154
Pf3D7_13_v3	2115118	0.146127	0.0932203	0.0152575
Pf3D7_13_v3	2115425	0.126761	0.0466667	0.0525905
Pf3D7_13_v3	2124328	0.121908	0.048913	0.0398991
Pf3D7_13_v3	2124673	0.43838	0.532258	0.0179844
Pf3D7_13_v3	2124676	0.491197	0.569892	0.0109897
Pf3D7_13_v3	2176530	0.189046	0.119048	0.0203087
Pf3D7_13_v3	2179517	0.216549	0.274194	0.00661029
Pf3D7_13_v3	2184241	0.876761	0.790323	0.0299522
Pf3D7_13_v3	2193725	0.151943	0.203125	0.0101341
Pf3D7_13_v3	2203308	0.200704	0.146067	0.00857014
Pf3D7_13_v3	2260772	0.105634	0.0487805	0.0407935
Pf3D7_13_v3	2278166	0.0883392	0.0301205	0.0356719
Pf3D7_13_v3	2309043	0.119718	0.177419	0.012094
Pf3D7_13_v3	2309427	0.714789	0.639785	0.0115462
Pf3D7_13_v3	2342565	0.487589	0.370588	0.0322685
Pf3D7_13_v3	2360342	0.0827465	0.00537634	0.0850448
Pf3D7_13_v3	2372908	0.0792254	0.0215054	0.0398226
Pf3D7_13_v3	2415339	0.0377698	0.104651	0.0395587
Pf3D7_13_v3	2416845	0.114841	0.0480769	0.0462285
Pf3D7_13_v3	2417849	0.598214	0.463855	0.0439376
Pf3D7_13_v3	2435370	0.205674	0.13253	0.02071
Pf3D7_13_v3	2435505	0.132509	0.0804598	0.013976
Pf3D7_13_v3	2447146	0.25	0.196429	0.00541664
Pf3D7_13_v3	2469447	0.70318	0.593407	0.0297217
Pf3D7_13_v3	2525214	0.271127	0.179104	0.0314264
Pf3D7_13_v3	2541529	0.186833	0.123596	0.0146857
Pf3D7_13_v3	2557082	0.800725	0.707865	0.025325
Pf3D7_13_v3	2570188	0.15669	0.0898876	0.021966
Pf3D7_13_v3	2576647	0.332746	0.413043	0.0128383
Pf3D7_13_v3	2614473	0.573944	0.516129	0.00326339
Pf3D7_13_v3	2640170	0.169643	0.076087	0.0474692
Pf3D7_13_v3	2648210	0.140569	0.0806452	0.0182813
Pf3D7_13_v3	2666855	0.438163	0.376344	0.00482838
Pf3D7_13_v3	2668749	0.332075	0.392473	0.00435032
Pf3D7_13_v3	2692122	0.72242	0.630435	0.02016
Pf3D7_13_v3	2694451	0.241818	0.190217	0.00454375
Pf3D7_13_v3	2706607	0.0353357	0.0913978	0.0297377
Pf3D7_13_v3	2734599	0.825088	0.77451	0.00616997
Pf3D7_13_v3	2763569	0.142606	0.0822785	0.0199426
Pf3D7_13_v3	2763628	0.231449	0.170732	0.0105825
Pf3D7_14_v3	42125	0.725352	0.608696	0.0346856
Pf3D7_14_v3	47725	0.666078	0.603261	0.00572745
Pf3D7_14_v3	66816	0.757042	0.623656	0.0487472
Pf3D7_14_v3	104415	0.0248227	0.0752688	0.0287283
Pf3D7_14_v3	106972	0.431338	0.370968	0.00465121
Pf3D7_14_v3	108919	0.485866	0.430108	0.00300384
Pf3D7_14_v3	109219	0.214029	0.153846	0.0102498
Pf3D7_14_v3	137622	0.570423	0.445652	0.0355107
Pf3D7_14_v3	144379	0.336268	0.244565	0.0217208
Pf3D7_14_v3	144382	0.337456	0.244565	0.0223355
Pf3D7_14_v3	161821	0.401408	0.349462	0.00205974
Pf3D7_14_v3	201791	0.70318	0.644444	0.00514161
Pf3D7_14_v3	204017	0.223592	0.139785	0.0259402
Pf3D7_14_v3	259286	0.568662	0.470588	0.0230292
Pf3D7_14_v3	261295	0.109155	0.0449438	0.0332934
Pf3D7_14_v3	265958	0.346442	0.224359	0.0440718
Pf3D7_14_v3	271574	0.189046	0.25	0.00888803
Pf3D7_14_v3	271582	0.233216	0.178161	0.00695803
Pf3D7_14_v3	273365	0.100352	0.0333333	0.0625327
Pf3D7_14_v3	303046	0.315141	0.247312	0.0095917
Pf3D7_14_v3	312693	0.410211	0.467391	0.00339247
Pf3D7_14_v3	336220	0.431338	0.483696	0.00173462
Pf3D7_14_v3	336256	0.110915	0.0543478	0.0223424
Pf3D7_14_v3	338116	0.0989399	0.0277778	0.0506627
Pf3D7_14_v3	338453	0.090106	0.177778	0.0380911
Pf3D7_14_v3	371725	0.482394	0.392473	0.0163985
Pf3D7_14_v3	377819	0.778169	0.6375	0.060368
Pf3D7_14_v3	377869	0.610915	0.514286	0.0224181
Pf3D7_14_v3	377952	0.46831	0.38961	0.0121364
Pf3D7_14_v3	377968	0.466549	0.390244	0.0107545
Pf3D7_14_v3	378869	0.463028	0.553763	0.0164674
Pf3D7_14_v3	384239	0.0656028	0.130435	0.0258326
Pf3D7_14_v3	384345	0.12766	0.188172	0.0125166
Pf3D7_14_v3	393502	0.417254	0.543011	0.0361214
Pf3D7_14_v3	407386	0.43838	0.494624	0.00290695
Pf3D7_14_v3	413025	0.723592	0.633333	0.028488
Pf3D7_14_v3	413421	0.339789	0.259494	0.015939
Pf3D7_14_v3	413424	0.339789	0.259494	0.015939
Pf3D7_14_v3	421792	0.514085	0.357143	0.0649995
Pf3D7_14_v3	438592	0.0704225	0.172043	0.057087
Pf3D7_14_v3	439454	0.519573	0.429348	0.0160987
Pf3D7_14_v3	442134	0.399648	0.346154	0.00277826
Pf3D7_14_v3	444330	0.178445	0.305556	0.0523677
Pf3D7_14_v3	444734	0.637809	0.55914	0.011552
Pf3D7_14_v3	446202	0.0547703	0	0.0674282
Pf3D7_14_v3	494376	0.325704	0.209677	0.0395109
Pf3D7_14_v3	500484	0.167279	0.1	0.0198341
Pf3D7_14_v3	514157	0.15493	0.0815217	0.0288047
Pf3D7_14_v3	528659	0.447183	0.505376	0.00357498
Pf3D7_14_v3	590793	0.205986	0.258065	0.00437614
Pf3D7_14_v3	602114	0.226786	0.145161	0.023571
Pf3D7_14_v3	667484	0	0.0632184	0.082768
Pf3D7_14_v3	674689	0.742049	0.651163	0.031467
Pf3D7_14_v3	702604	0.198944	0.0731707	0.0852671
Pf3D7_14_v3	705163	0.056338	0.107143	0.0175399
Pf3D7_14_v3	809810	0.127208	0.0769231	0.0131974
Pf3D7_14_v3	824289	0.24552	0.190217	0.00587412
Pf3D7_14_v3	833411	0.0140845	0.0645161	0.0475165
Pf3D7_14_v3	834646	0.519366	0.465517	0.00189391
Pf3D7_14_v3	836620	0.295775	0.231183	0.00868615
Pf3D7_14_v3	841308	0.09319	0.15	0.0142796
Pf3D7_14_v3	844557	0.128975	0.0752688	0.0152414
Pf3D7_14_v3	848500	0.588028	0.537037	0.00113854
Pf3D7_14_v3	851461	0.0897887	0.147727	0.0224887
Pf3D7_14_v3	855174	0.68838	0.591398	0.0216029
Pf3D7_14_v3	872598	0.473592	0.538462	0.00568837
Pf3D7_14_v3	872715	0.517606	0.467033	0.00115916
Pf3D7_14_v3	877704	0.225806	0.16129	0.0123595
Pf3D7_14_v3	904029	0.286972	0.222826	0.00884778
Pf3D7_14_v3	904159	0.0545775	0.11828	0.0286414
Pf3D7_14_v3	907527	0.378521	0.451613	0.00920725
Pf3D7_14_v3	916452	0.234155	0.153846	0.0218414
Pf3D7_14_v3	919511	0.130282	0.193548	0.0139767
Pf3D7_14_v3	922960	0.195423	0.145161	0.006422
Pf3D7_14_v3	1010059	0.165493	0.11413	0.00909599
Pf3D7_14_v3	1034024	0.308244	0.391304	0.0143995
Pf3D7_14_v3	1038043	0.084507	0.0131579	0.07117
Pf3D7_14_v3	1059979	0.0774648	0.0238095	0.0360193
Pf3D7_14_v3	1087010	0.101064	0.0480769	0.0286039
Pf3D7_14_v3	1093460	0.68662	0.801075	0.0395545
Pf3D7_14_v3	1106139	0.390459	0.333333	0.00363093
Pf3D7_14_v3	1124984	0.657706	0.603261	0.00279164
Pf3D7_14_v3	1156254	0.661972	0.736559	0.0119896
Pf3D7_14_v3	1157294	0.820423	0.875	0.0100836
Pf3D7_14_v3	1159255	0.434859	0.488764	0.00225855
Pf3D7_14_v3	1171305	0.443662	0.539773	0.0193067
Pf3D7_14_v3	1171344	0.463028	0.534091	0.0081449
Pf3D7_14_v3	1177522	0.348592	0.429348	0.0124536
Pf3D7_14_v3	1182721	0.586879	0.677419	0.0178741
Pf3D7_14_v3	1226565	0.487676	0.376344	0.0281088
Pf3D7_14_v3	1234647	0.267606	0.206897	0.0082575
Pf3D7_14_v3	1262790	0.0814815	0.0215054	0.041228
Pf3D7_14_v3	1272308	0.135563	0.191011	0.00953139
Pf3D7_14_v3	1282233	0.0328467	0.1	0.0418754
Pf3D7_14_v3	1311382	0.0264085	0.0806452	0.0323731
Pf3D7_14_v3	1332746	0.240214	0.322581	0.0167694
Pf3D7_14_v3	1334365	0.515845	0.386364	0.0593802
Pf3D7_14_v3	1341698	0.0921986	0.0268817	0.0440953
Pf3D7_14_v3	1355441	0.100352	0.05	0.0184422
Pf3D7_14_v3	1356284	0.103873	0.209677	0.0496326
Pf3D7_14_v3	1362090	0.292553	0.375	0.0150504
Pf3D7_14_v3	1367225	0.835689	0.78125	0.00720357
Pf3D7_14_v3	1380024	0.158451	0.233333	0.0200476
Pf3D7_14_v3	1396078	0.128521	0	0.228201
Pf3D7_14_v3	1479886	0.894366	0.795699	0.0427556
Pf3D7_14_v3	1503311	0.385563	0.446237	0.00451963
Pf3D7_14_v3	1552181	0.216549	0.16129	0.00793354
Pf3D7_14_v3	1553266	0.688612	0.77957	0.0224509
Pf3D7_14_v3	1554318	0.230634	0.13587	0.0345203
Pf3D7_14_v3	1598512	0.950704	0.898551	0.023931
Pf3D7_14_v3	1669663	0.175627	0.115385	0.0134488
Pf3D7_14_v3	1671322	0.864437	0.919355	0.0155872
Pf3D7_14_v3	1683268	0.0457746	0.111111	0.0332754
Pf3D7_14_v3	1710120	0.0915493	0.0238095	0.0795623
Pf3D7_14_v3	1748662	0.320423	0.266304	0.00396737
Pf3D7_14_v3	1757603	0.392606	0.285714	0.0345964
Pf3D7_14_v3	1770207	0.705986	0.784946	0.0162756
Pf3D7_14_v3	1817108	0.735915	0.681818	0.00364798
Pf3D7_14_v3	1819850	0.110915	0.171429	0.0241439
Pf3D7_14_v3	1823998	0.0538462	0.114943	0.0261392
Pf3D7_14_v3	1852794	0.241197	0.159091	0.026428
Pf3D7_14_v3	1854245	0.198944	0.125	0.0239296
Pf3D7_14_v3	1854863	0.605634	0.553571	0.00186604
Pf3D7_14_v3	1935236	0.341549	0.264368	0.0133967
Pf3D7_14_v3	1962705	0.0954064	0.153846	0.0161479
Pf3D7_14_v3	1990395	0.225352	0.115385	0.0607102
Pf3D7_14_v3	2004549	0.301056	0.376344	0.0110554
Pf3D7_14_v3	2020795	0.308099	0.359756	0.00253436
Pf3D7_14_v3	2022712	0.18838	0.108108	0.0316019
Pf3D7_14_v3	2033359	0.455036	0.38172	0.0088416
Pf3D7_14_v3	2060776	0.242958	0.295699	0.00420079
Pf3D7_14_v3	2061817	0.616197	0.666667	0.00167538
Pf3D7_14_v3	2128849	0.830389	0.761111	0.0144754
Pf3D7_14_v3	2151020	0.356383	0.451613	0.0194798
Pf3D7_14_v3	2169240	0.269366	0.190217	0.0180588
Pf3D7_14_v3	2174809	0.065371	0.11828	0.0165494
Pf3D7_14_v3	2180762	0.0577617	0.00561798	0.052829
Pf3D7_14_v3	2185421	0.339223	0.236264	0.0289571
Pf3D7_14_v3	2210901	0.096831	0.166667	0.0385685
Pf3D7_14_v3	2211340	0.207746	0.0961538	0.0784245
Pf3D7_14_v3	2211411	0.191901	0.0727273	0.0976386
Pf3D7_14_v3	2260617	0.292254	0.215054	0.0154543
Pf3D7_14_v3	2267725	0.128975	0.204301	0.0213029
Pf3D7_14_v3	2274151	0.0211268	0.0727273	0.0441713
Pf3D7_14_v3	2317482	0.954225	0.894444	0.0283938
Pf3D7_14_v3	2341670	0.028169	0.0860215	0.0353051
Pf3D7_14_v3	2401257	0.298214	0.387097	0.0173307
Pf3D7_14_v3	2402460	0.135563	0.188172	0.00798142
Pf3D7_14_v3	2416149	0.193662	0.11413	0.0266627
Pf3D7_14_v3	2443501	0.0211268	0.0833333	0.046833
Pf3D7_14_v3	2534828	0.21831	0.0869565	0.117518
Pf3D7_14_v3	2536485	0.432862	0.305556	0.0451944
Pf3D7_14_v3	2540228	0.110915	0.172043	0.0145356
Pf3D7_14_v3	2540274	0.141343	0.27957	0.0684007
Pf3D7_14_v3	2611706	0.830986	0.892473	0.0156942
Pf3D7_14_v3	2671772	0.435943	0.34	0.027708
Pf3D7_14_v3	2681520	0.128521	0.0681818	0.0330522
Pf3D7_14_v3	2711549	0.15669	0.0416667	0.12728
Pf3D7_14_v3	2733656	0.588028	0.534884	0.00212001
Pf3D7_14_v3	2752373	0.33156	0.212329	0.046306
Pf3D7_14_v3	2757814	0.480565	0.421687	0.00372983
Pf3D7_14_v3	2792758	0.457746	0.55914	0.0218757
Pf3D7_14_v3	2792919	0.0457746	0.102151	0.0248372
Pf3D7_14_v3	2846037	0.276408	0.159091	0.0485847
Pf3D7_14_v3	2857426	0.671378	0.588889	0.0137316
Pf3D7_14_v3	2858476	0.353571	0.246575	0.033711
Pf3D7_14_v3	2859114	0.505282	0.587912	0.0128686
Pf3D7_14_v3	2860791	0.184859	0.133721	0.00752039
Pf3D7_14_v3	2861136	0.209507	0.268817	0.00723185
Pf3D7_14_v3	2868095	0.545775	0.612903	0.00708112
Pf3D7_14_v3	2870555	0.292254	0.204301	0.0219616
Pf3D7_14_v3	2873645	0.27305	0.33125	0.00483479
Pf3D7_14_v3	2917441	0.219858	0.157609	0.0113799
Pf3D7_14_v3	2919382	0	0.0923913	0.118073
Pf3D7_14_v3	2929017	0.200704	0.132075	0.0224101
Pf3D7_14_v3	2929857	0.128521	0.226415	0.050415
Pf3D7_14_v3	2945674	0.0827338	0.021978	0.0429091
Pf3D7_14_v3	2990352	0.102113	0.0434783	0.0287299
Pf3D7_14_v3	2999453	0.260563	0.130435	0.0944172
Pf3D7_14_v3	3014048	0.672535	0.62069	0.00225251
Pf3D7_14_v3	3024664	0.0862676	0.148352	0.0193335
Pf3D7_14_v3	3046414	0.147687	0.227778	0.022404
Pf3D7_14_v3	3046573	0.0883392	0.155914	0.0223505
Pf3D7_14_v3	3046585	0.0848057	0.155914	0.0257328
Pf3D7_14_v3	3055920	0.332746	0.409091	0.0111901
Pf3D7_14_v3	3121092	0.704225	0.653409	0.00240325
Pf3D7_14_v3	3121112	0.575704	0.494318	0.0125142
Pf3D7_14_v3	3121223	0.396127	0.335294	0.00505998
Pf3D7_14_v3	3121227	0.721831	0.670588	0.00239639
Pf3D7_14_v3	3121362	0.579225	0.416667	0.0635737
Pf3D7_14_v3	3121428	0.102837	0.0494505	0.0211392
Pf3D7_14_v3	3121436	0.238434	0.148352	0.0286218
Pf3D7_14_v3	3121550	0.210247	0.157303	0.00672139
Pf3D7_14_v3	3121724	0.676056	0.614458	0.0057507
Pf3D7_14_v3	3121804	0.125442	0.0705882	0.0175576
Pf3D7_14_v3	3126446	0.126761	0.0425532	0.0780064
Pf3D7_14_v3	3131379	0.183099	0.119565	0.0155036
Pf3D7_14_v3	3131485	0.137324	0.0815217	0.0157354
Pf3D7_14_v3	3131605	0.308929	0.201087	0.034659
Pf3D7_14_v3	3154163	0.121479	0.0545455	0.0417748
Pf3D7_14_v3	3179803	0.842199	0.784091	0.00918352
Pf3D7_14_v3	3184005	0.0915493	0.0322581	0.0343578
Pf3D7_14_v3	3189430	0.540493	0.413793	0.0376957
Pf3D7_14_v3	3189467	0.316901	0.25	0.00907219
Pf3D7_14_v3	3189536	0.558099	0.428571	0.0402601
Pf3D7_14_v3	3190118	0.056338	0.00617284	0.0526352
Pf3D7_14_v3	3193348	0.376761	0.294118	0.0166437
Pf3D7_14_v3	3193676	0.308099	0.2125	0.0278425
Pf3D7_14_v3	3193685	0.308099	0.20625	0.0325817
Pf3D7_14_v3	3193695	0.308099	0.217105	0.0251342
Pf3D7_14_v3	3193696	0.308099	0.217105	0.0251342
Pf3D7_14_v3	3193703	0.308099	0.220779	0.0223108
Pf3D7_14_v3	3193706	0.308099	0.220779	0.0223108
Pf3D7_14_v3	3198869	0.677305	0.590278	0.0177801
Pf3D7_14_v3	3216512	0.269366	0.326087	0.00452194
Pf3D7_14_v3	3255389	0.0954064	0.172727	0.0374748
Pf3D7_14_v3	3255527	0.0918728	0.0178571	0.0826036
