Pf3D7_01_v3	139191	0.695122	0.755452	0.00796011
Pf3D7_01_v3	145560	0.424731	0.344311	0.0144357
Pf3D7_01_v3	150409	0.0340909	0.122881	0.0865279
Pf3D7_01_v3	150615	0.141667	0.0806452	0.0209666
Pf3D7_01_v3	155939	0.674157	0.734277	0.00658623
Pf3D7_01_v3	161523	0.284946	0.189759	0.030594
Pf3D7_01_v3	162981	0.663043	0.723054	0.00691846
Pf3D7_01_v3	165214	0.575269	0.46997	0.0265388
Pf3D7_01_v3	167312	0.175824	0.22741	0.00665244
Pf3D7_01_v3	179265	0.36875	0.437908	0.0085358
Pf3D7_01_v3	179952	0.188235	0.283784	0.0296313
Pf3D7_01_v3	180068	0.261905	0.207641	0.00535709
Pf3D7_01_v3	180170	0.469512	0.380952	0.0168521
Pf3D7_01_v3	180174	0.45625	0.379252	0.0114056
Pf3D7_01_v3	180175	0.45625	0.380952	0.0106009
Pf3D7_01_v3	180181	0.462963	0.385135	0.0116738
Pf3D7_01_v3	180285	0.559524	0.465636	0.0186951
Pf3D7_01_v3	180288	0.801205	0.671769	0.0545853
Pf3D7_01_v3	180299	0.713415	0.654237	0.00537633
Pf3D7_01_v3	180311	0.642857	0.585324	0.00377572
Pf3D7_01_v3	180317	0.327586	0.247475	0.0158677
Pf3D7_01_v3	180379	0.104938	0.155738	0.0103339
Pf3D7_01_v3	180554	0.097561	0.159396	0.0187238
Pf3D7_01_v3	190739	0.263441	0.36976	0.031829
Pf3D7_01_v3	192084	0.16129	0.0898204	0.0282093
Pf3D7_01_v3	196974	0.13	0.203947	0.0218793
Pf3D7_01_v3	205066	0.384615	0.26569	0.038701
Pf3D7_01_v3	233535	0.1375	0.0856269	0.0146995
Pf3D7_01_v3	239972	0.584906	0.644531	0.00376597
Pf3D7_01_v3	265938	0.0449438	0.0959752	0.0230598
Pf3D7_01_v3	281975	0.292453	0.361842	0.007917
Pf3D7_01_v3	308232	0.222222	0.163636	0.0102915
Pf3D7_01_v3	309018	0.177419	0.111446	0.0203506
Pf3D7_01_v3	349536	0.258824	0.183871	0.0174765
Pf3D7_01_v3	384985	0.236559	0.147059	0.0310586
Pf3D7_01_v3	388752	0.817204	0.673716	0.0703615
Pf3D7_01_v3	487057	0.597826	0.525602	0.0101133
Pf3D7_01_v3	487131	0.173913	0.100601	0.0276666
Pf3D7_01_v3	495649	0.516129	0.435435	0.0136358
Pf3D7_01_v3	495927	0.0706522	0.145015	0.0362075
Pf3D7_01_v3	496887	0.368421	0.420502	7.66165e-06
Pf3D7_01_v3	497317	0.117647	0.177083	0.014413
Pf3D7_01_v3	498090	0.744444	0.598712	0.0732371
Pf3D7_01_v3	499969	0.576389	0.634409	0.0039988
Pf3D7_01_v3	501421	0.198925	0.3	0.0333155
Pf3D7_01_v3	505259	0.724719	0.641066	0.0179745
Pf3D7_01_v3	506069	0.323864	0.423841	0.0239745
Pf3D7_01_v3	522573	0.0860215	0.0225904	0.0498008
Pf3D7_01_v3	527113	0.209677	0.13964	0.0191876
Pf3D7_01_v3	528041	0.579268	0.503145	0.0114465
Pf3D7_01_v3	528069	0.505882	0.407166	0.0225379
Pf3D7_01_v3	528238	0.402597	0.318937	0.016859
Pf3D7_01_v3	528354	0.611111	0.5033	0.0285529
Pf3D7_01_v3	534856	0.258824	0.337134	0.0151962
Pf3D7_01_v3	534946	0.47561	0.62945	0.0629727
Pf3D7_01_v3	535030	0.377907	0.47619	0.022757
Pf3D7_01_v3	535211	0.711538	0.803136	0.026868
Pf3D7_01_v3	536003	0.526882	0.442598	0.0152096
Pf3D7_01_v3	536302	0.231183	0.131024	0.0424873
Pf3D7_01_v3	537147	0.403226	0.457958	0.00336919
Pf3D7_02_v3	109659	0.25	0.338323	0.0220047
Pf3D7_02_v3	109729	0.204301	0.276946	0.0155214
Pf3D7_02_v3	133007	0.115854	0.0652174	0.0167788
Pf3D7_02_v3	137008	0.23125	0.160772	0.0171311
Pf3D7_02_v3	158568	0.564516	0.507485	0.00401273
Pf3D7_02_v3	167317	0.362637	0.427928	0.00745127
Pf3D7_02_v3	179137	0.653846	0.74537	0.0228154
Pf3D7_02_v3	188507	0.731183	0.803892	0.016052
Pf3D7_02_v3	200552	0.156627	0.272575	0.0501366
Pf3D7_02_v3	271860	0.419355	0.479042	0.00498104
Pf3D7_02_v3	277675	0.33871	0.256061	0.0180779
Pf3D7_02_v3	278236	0.38587	0.451662	0.00752823
Pf3D7_02_v3	278285	0.608696	0.718845	0.0334541
Pf3D7_02_v3	290673	0.176471	0.306641	0.0592989
Pf3D7_02_v3	291057	0.0847458	0.159091	0.0289367
Pf3D7_02_v3	322430	0.0410959	0.0944444	0.0258782
Pf3D7_02_v3	367530	0.121622	0.0634058	0.0228778
Pf3D7_02_v3	414616	0.553333	0.501718	0.0012478
Pf3D7_02_v3	438899	0.123656	0.181682	0.013663
Pf3D7_02_v3	454617	0.0215054	0.0720721	0.0353837
Pf3D7_02_v3	465223	0.506024	0.451713	0.00295955
Pf3D7_02_v3	470013	0.25641	0.35034	0.02457
Pf3D7_02_v3	470259	0.150685	0.220486	0.0177576
Pf3D7_02_v3	470675	0.371429	0.431973	0.00476689
Pf3D7_02_v3	480927	0.168478	0.221557	0.00768858
Pf3D7_02_v3	499889	0.0645161	0.126126	0.0264052
Pf3D7_02_v3	501972	0.75	0.662162	0.0214027
Pf3D7_02_v3	502708	0.311828	0.261329	0.00349567
Pf3D7_02_v3	503169	0.473118	0.562874	0.0180219
Pf3D7_02_v3	503292	0.668478	0.605105	0.00704783
Pf3D7_02_v3	503877	0.180233	0.243939	0.0126772
Pf3D7_02_v3	516865	0.191011	0.257911	0.0126617
Pf3D7_02_v3	519457	0.655914	0.595745	0.00560283
Pf3D7_02_v3	520765	0.623656	0.555046	0.00843134
Pf3D7_02_v3	543751	0.209677	0.158307	0.00683126
Pf3D7_02_v3	551816	0.844086	0.793413	0.00719166
Pf3D7_02_v3	617457	0.22043	0.271772	0.00505894
Pf3D7_02_v3	617482	0.311828	0.206325	0.0356449
Pf3D7_02_v3	629066	0.166667	0.107407	0.0149061
Pf3D7_02_v3	631092	0.11828	0.183183	0.0178818
Pf3D7_02_v3	631190	0.129032	0.187126	0.0122272
Pf3D7_02_v3	646122	0.272222	0.152997	0.0537316
Pf3D7_02_v3	660994	0.145161	0.283133	0.0755376
Pf3D7_02_v3	666154	0.241935	0.307808	0.0122835
Pf3D7_02_v3	671972	0.736559	0.788922	0.00579332
Pf3D7_02_v3	714480	0.258065	0.194864	0.0112578
Pf3D7_02_v3	723984	0.478495	0.358859	0.0366236
Pf3D7_02_v3	759265	0.0984848	0.15798	0.0190723
Pf3D7_02_v3	761081	0.113924	0.0364583	0.0552647
Pf3D7_02_v3	761988	0.867089	0.940063	0.0429962
Pf3D7_02_v3	774891	0.771084	0.850904	0.0260083
Pf3D7_02_v3	792272	0.327957	0.384731	0.00484803
Pf3D7_02_v3	797146	0.409091	0.509158	0.0260597
Pf3D7_02_v3	805001	0.575269	0.494012	0.0140079
Pf3D7_02_v3	805888	0.103261	0.168182	0.0205054
Pf3D7_02_v3	840040	0.715116	0.795775	0.0181198
Pf3D7_02_v3	842691	0.26506	0.361592	0.0244303
Pf3D7_02_v3	842893	0.241758	0.165615	0.0197025
Pf3D7_02_v3	843096	0.303371	0.370607	0.00868955
Pf3D7_02_v3	843250	0.17033	0.110577	0.0149533
Pf3D7_02_v3	848125	0.483871	0.386364	0.0225551
Pf3D7_02_v3	855686	0.380435	0.318182	0.00661931
Pf3D7_02_v3	861265	0.0706522	0.120861	0.0143694
Pf3D7_03_v3	71040	0.243902	0.187739	0.0062909
Pf3D7_03_v3	71291	0.55618	0.458075	0.0222304
Pf3D7_03_v3	71899	0.550562	0.489329	0.0054807
Pf3D7_03_v3	82459	0.204301	0.260542	0.00744542
Pf3D7_03_v3	105962	0.697183	0.587859	0.0352992
Pf3D7_03_v3	108536	0.482759	0.419048	0.00593574
Pf3D7_03_v3	108570	0.104651	0.0537459	0.0199991
Pf3D7_03_v3	140582	0.10274	0.154297	0.0100455
Pf3D7_03_v3	140645	0.0722892	0.129825	0.0198607
Pf3D7_03_v3	140646	0.0722892	0.130742	0.0204633
Pf3D7_03_v3	141798	0.833333	0.885671	0.0109421
Pf3D7_03_v3	143071	0.89011	0.82764	0.0173077
Pf3D7_03_v3	221442	0.107843	0.159292	0.00884243
Pf3D7_03_v3	221463	0.0576923	0.116667	0.027014
Pf3D7_03_v3	221554	0.726415	0.811441	0.0236172
Pf3D7_03_v3	221568	0.741379	0.792017	0.00179582
Pf3D7_03_v3	241146	0.163043	0.233533	0.0172691
Pf3D7_03_v3	246032	0.144928	0.0727969	0.0326505
Pf3D7_03_v3	285065	0.0786517	0.166144	0.0452073
Pf3D7_03_v3	329898	0.220588	0.157795	0.011424
Pf3D7_03_v3	334391	0.145161	0.0742424	0.0311064
Pf3D7_03_v3	350173	0.475	0.531353	0.00297812
Pf3D7_03_v3	354502	0.854651	0.913522	0.0186629
Pf3D7_03_v3	357699	0.12037	0.0564202	0.0339982
Pf3D7_03_v3	357947	0.818182	0.881466	0.0185927
Pf3D7_03_v3	358276	0.295455	0.243644	0.00255975
Pf3D7_03_v3	358370	0.353448	0.281853	0.0109544
Pf3D7_03_v3	362531	0.170886	0.119643	0.00882499
Pf3D7_03_v3	362825	0.0652174	0.0147059	0.0420426
Pf3D7_03_v3	362939	0.387097	0.438406	0.0010355
Pf3D7_03_v3	383262	0.532258	0.417665	0.0324333
Pf3D7_03_v3	392474	0.301471	0.170569	0.0679035
Pf3D7_03_v3	393036	0.174419	0.0990991	0.0301093
Pf3D7_03_v3	414967	0.763441	0.706587	0.00708338
Pf3D7_03_v3	414983	0.489247	0.36747	0.0377666
Pf3D7_03_v3	489439	0.0806452	0.027027	0.0342533
Pf3D7_03_v3	491174	0.0887097	0.139442	0.0112645
Pf3D7_03_v3	501458	0.551724	0.604294	0.00287232
Pf3D7_03_v3	507008	0.317647	0.384244	0.00814603
Pf3D7_03_v3	507451	0.428571	0.369403	0.00353456
Pf3D7_03_v3	511284	0.622093	0.559633	0.00621351
Pf3D7_03_v3	511434	0.436047	0.550613	0.0330789
Pf3D7_03_v3	546403	0.0326087	0.0943114	0.0406525
Pf3D7_03_v3	553658	0.752688	0.824194	0.0158849
Pf3D7_03_v3	553678	0.564516	0.656766	0.0192021
Pf3D7_03_v3	561220	0.801075	0.671687	0.0556304
Pf3D7_03_v3	586679	0.284946	0.342342	0.00577332
Pf3D7_03_v3	590480	0.123077	0.0671642	0.0207275
Pf3D7_03_v3	616775	0.282609	0.227273	0.00380743
Pf3D7_03_v3	692735	0.00657895	0.0884477	0.0964006
Pf3D7_03_v3	702915	0.245455	0.159919	0.0280214
Pf3D7_03_v3	796056	0.0430108	0.0988024	0.0283912
Pf3D7_03_v3	805130	0.198864	0.128743	0.0208949
Pf3D7_03_v3	825800	0.152439	0.224242	0.0200262
Pf3D7_03_v3	826387	0.0271739	0.0772727	0.0309586
Pf3D7_03_v3	884399	0.141304	0.208084	0.0170001
Pf3D7_03_v3	887238	0.150538	0.100299	0.0109457
Pf3D7_03_v3	887933	0.145161	0.197605	0.0087329
Pf3D7_03_v3	890218	0.434066	0.501497	0.00790543
Pf3D7_03_v3	891254	0.182796	0.109281	0.0256696
Pf3D7_03_v3	891612	0.102151	0.169162	0.0224365
Pf3D7_03_v3	917357	0.119565	0.174455	0.0112148
Pf3D7_03_v3	944671	0.0913978	0.0314371	0.0393729
Pf3D7_03_v3	951306	0.571429	0.513636	0.00424603
Pf3D7_03_v3	974611	0.150538	0.0960961	0.014487
Pf3D7_04_v3	92794	0.425287	0.347962	0.0125225
Pf3D7_04_v3	92795	0.385057	0.313291	0.0105713
Pf3D7_04_v3	93405	0.798913	0.878743	0.0289836
Pf3D7_04_v3	110012	0.226667	0.406015	0.0953171
Pf3D7_04_v3	110013	0.471831	0.669173	0.104476
Pf3D7_04_v3	110694	0.181818	0.12766	0.0110996
Pf3D7_04_v3	110821	0.126374	0.194529	0.0198788
Pf3D7_04_v3	110953	0.193548	0.135952	0.0119463
Pf3D7_04_v3	124690	0.4375	0.488636	0.00176457
Pf3D7_04_v3	138583	0.0824176	0.148649	0.0257928
Pf3D7_04_v3	139051	0.182432	0.257812	0.0203361
Pf3D7_04_v3	140703	0.414062	0.529304	0.0347484
Pf3D7_04_v3	141896	0.462264	0.513393	-0.000773948
Pf3D7_04_v3	143562	0.361702	0.307359	0.00136891
Pf3D7_04_v3	172560	0.416667	0.363487	0.00253664
Pf3D7_04_v3	228005	0.709677	0.636228	0.0123416
Pf3D7_04_v3	229072	0.22043	0.293413	0.0149143
Pf3D7_04_v3	251988	0.0645161	0.130631	0.0301451
Pf3D7_04_v3	251999	0.22043	0.1571	0.0134211
Pf3D7_04_v3	255939	0.134409	0.203593	0.019431
Pf3D7_04_v3	282499	0.121951	0.0660066	0.0212186
Pf3D7_04_v3	282524	0.390244	0.306557	0.0170469
Pf3D7_04_v3	283484	0.575342	0.521236	0.00122422
Pf3D7_04_v3	283503	0.907143	0.839216	0.0232098
Pf3D7_04_v3	284311	0.638462	0.724806	0.0182125
Pf3D7_04_v3	285729	0.467391	0.545259	0.0109555
Pf3D7_04_v3	285770	0.317308	0.404661	0.0178688
Pf3D7_04_v3	287310	0.606742	0.747664	0.0584741
Pf3D7_04_v3	300851	0.291139	0.205263	0.022239
Pf3D7_04_v3	333699	0.389535	0.280303	0.0341983
Pf3D7_04_v3	334313	0.150943	0.225564	0.0222881
Pf3D7_04_v3	367185	0.209677	0.285928	0.0171445
Pf3D7_04_v3	386187	0.855556	0.798039	0.0120947
Pf3D7_04_v3	390448	0.11828	0.169697	0.0102015
Pf3D7_04_v3	390556	0.0934066	0.0319149	0.0400288
Pf3D7_04_v3	398819	0.247312	0.156627	0.0312418
Pf3D7_04_v3	420218	0.145161	0.0939394	0.012501
Pf3D7_04_v3	420221	0.130435	0.221212	0.0351274
Pf3D7_04_v3	428163	0.155914	0.233533	0.0224347
Pf3D7_04_v3	428626	0.709677	0.620482	0.0202379
Pf3D7_04_v3	432707	0.107527	0.0284431	0.0637157
Pf3D7_04_v3	462711	0.413793	0.33	0.0155426
Pf3D7_04_v3	514993	0.297468	0.350769	0.00361874
Pf3D7_04_v3	515947	0.218391	0.152108	0.0158983
Pf3D7_04_v3	516697	0.021978	0.0906344	0.0579872
Pf3D7_04_v3	542296	0.28022	0.33033	0.00321334
Pf3D7_04_v3	544534	0.155914	0.239458	0.0263277
Pf3D7_04_v3	544537	0.155914	0.239458	0.0263277
Pf3D7_04_v3	545154	0.163043	0.105105	0.0155111
Pf3D7_04_v3	627578	0.123656	0.0585586	0.0310468
Pf3D7_04_v3	629841	0.193548	0.103604	0.0403438
Pf3D7_04_v3	632106	0.104651	0.0483384	0.0280249
Pf3D7_04_v3	635669	0.0943396	0.147766	0.0170025
Pf3D7_04_v3	635715	0.105769	0.176471	0.0308549
Pf3D7_04_v3	636448	0.648148	0.595941	0.00126865
Pf3D7_04_v3	637010	0.143939	0.245675	0.0455178
Pf3D7_04_v3	637146	0.0757576	0.135593	0.0238375
Pf3D7_04_v3	662504	0.0752688	0.162162	0.0461964
Pf3D7_04_v3	673542	0.252688	0.397898	0.0620258
Pf3D7_04_v3	673604	0.247312	0.353293	0.0330075
Pf3D7_04_v3	673650	0.747312	0.567365	0.0940447
Pf3D7_04_v3	673790	0.231183	0.158683	0.0186044
Pf3D7_04_v3	677325	0.141975	0.225166	0.0276791
Pf3D7_04_v3	679043	0.123656	0.202703	0.0276709
Pf3D7_04_v3	683072	0.478571	0.610526	0.0466305
Pf3D7_04_v3	683801	0.025641	0.0762712	0.0420676
Pf3D7_04_v3	691961	0.61413	0.538922	0.0115869
Pf3D7_04_v3	709512	0.0280899	0.0864198	0.0396927
Pf3D7_04_v3	738775	0.71978	0.641768	0.0149366
Pf3D7_04_v3	748239	0.865591	0.748466	0.0561973
Pf3D7_04_v3	748262	0.913978	0.765432	0.105036
Pf3D7_04_v3	757119	0.725275	0.60961	0.0380765
Pf3D7_04_v3	758596	0.177419	0.241742	0.0126496
Pf3D7_04_v3	763069	0.403226	0.458967	0.00353002
Pf3D7_04_v3	773196	0.283333	0.355049	0.0109276
Pf3D7_04_v3	789241	0.107527	0.0538922	0.0225341
Pf3D7_04_v3	791143	0.478495	0.386228	0.0197139
Pf3D7_04_v3	792257	0.370968	0.438623	0.00869124
Pf3D7_04_v3	793904	0.784946	0.730539	0.00631096
Pf3D7_04_v3	796416	0.197674	0.290769	0.0288494
Pf3D7_04_v3	796423	0.197674	0.292308	0.0299531
Pf3D7_04_v3	797704	0.52381	0.453968	0.0086734
Pf3D7_04_v3	802705	0.295699	0.394578	0.0258043
Pf3D7_04_v3	805165	0.537634	0.429641	0.0281662
Pf3D7_04_v3	807861	0.0483871	0.132132	0.0548587
Pf3D7_04_v3	812994	0.204301	0.269578	0.0117584
Pf3D7_04_v3	817915	0.0164835	0.0673653	0.0410912
Pf3D7_04_v3	818014	0.0989011	0.151198	0.012871
Pf3D7_04_v3	819473	0.883721	0.816358	0.0208975
Pf3D7_04_v3	830580	0.208791	0.286787	0.0182038
Pf3D7_04_v3	836760	0.0943396	0.18251	0.0474284
Pf3D7_04_v3	836856	0.118644	0.201149	0.0328624
Pf3D7_04_v3	838218	0.142857	0.199647	0.0101221
Pf3D7_04_v3	839310	0.768519	0.660079	0.0392834
Pf3D7_04_v3	848597	0.048913	0.126506	0.0481169
Pf3D7_04_v3	850002	0.831461	0.736364	0.0337659
Pf3D7_04_v3	856599	0.370968	0.490964	0.0364787
Pf3D7_04_v3	859399	0.0722222	0.122356	0.0153715
Pf3D7_04_v3	863381	0.344595	0.424658	0.0138963
Pf3D7_04_v3	863561	0.597015	0.427509	0.0779107
Pf3D7_04_v3	865912	0.16129	0.0863636	0.0317742
Pf3D7_04_v3	880735	0.193548	0.133234	0.0141062
Pf3D7_04_v3	880848	0.38172	0.253754	0.0480176
Pf3D7_04_v3	881569	0.354839	0.298799	0.00493945
Pf3D7_04_v3	881571	0.354839	0.298799	0.00493945
Pf3D7_04_v3	883380	0.120879	0.212121	0.0374802
Pf3D7_04_v3	884927	0.236559	0.171171	0.0135767
Pf3D7_04_v3	886511	0.516129	0.579341	0.00640847
Pf3D7_04_v3	887796	0.11828	0.250751	0.075787
Pf3D7_04_v3	888001	0.290323	0.162651	0.0599952
Pf3D7_04_v3	889062	0.641304	0.722892	0.0166877
Pf3D7_04_v3	889620	0.268817	0.339879	0.0118871
Pf3D7_04_v3	889626	0.282609	0.352584	0.0109871
Pf3D7_04_v3	891051	0.23913	0.163366	0.0219823
Pf3D7_04_v3	891760	0.0752688	0.0136778	0.0569093
Pf3D7_04_v3	892124	0.0108696	0.0810398	0.0730225
Pf3D7_04_v3	898452	0.58427	0.498403	0.0152715
Pf3D7_04_v3	899872	0.267857	0.212014	0.00662621
Pf3D7_04_v3	899915	0.289474	0.212069	0.0201726
Pf3D7_04_v3	899970	0.545455	0.484211	0.00520638
Pf3D7_04_v3	900665	0.518519	0.600993	0.0141793
Pf3D7_04_v3	900963	0.207317	0.141234	0.0163516
Pf3D7_04_v3	907571	0.627778	0.532308	0.0215801
Pf3D7_04_v3	908685	0.571429	0.621581	0.00206302
Pf3D7_04_v3	908786	0.409091	0.591837	0.0964903
Pf3D7_04_v3	910225	0.387097	0.440549	0.00283289
Pf3D7_04_v3	910443	0.434783	0.504545	0.00878338
Pf3D7_04_v3	910484	0.112903	0.18845	0.0263486
Pf3D7_04_v3	918934	0.134409	0.201201	0.0174427
Pf3D7_04_v3	919351	0.0967742	0.152568	0.0152431
Pf3D7_04_v3	920895	0.646739	0.711712	0.0086647
Pf3D7_04_v3	926450	0.36413	0.302548	0.00613452
Pf3D7_04_v3	930092	0.521739	0.44697	0.0108724
Pf3D7_04_v3	934143	0.956522	0.900602	0.0283964
Pf3D7_04_v3	987893	0.483607	0.555556	0.00766105
Pf3D7_04_v3	988749	0.704082	0.650376	0.00279787
Pf3D7_04_v3	989043	0.65625	0.710843	0.00263348
Pf3D7_04_v3	990269	0.429825	0.357895	0.0105209
Pf3D7_04_v3	990376	0.0865385	0.141234	0.0211353
Pf3D7_04_v3	990875	0.237179	0.172638	0.0131288
Pf3D7_04_v3	990908	0.230263	0.175497	0.00769718
Pf3D7_04_v3	992819	0.0376344	0.0904908	0.0281745
Pf3D7_04_v3	993362	0.391566	0.449541	0.00460263
Pf3D7_04_v3	993767	0.402174	0.343939	0.0049192
Pf3D7_04_v3	999679	0.489247	0.42236	0.00722799
Pf3D7_04_v3	1005358	0.456989	0.353293	0.0268066
Pf3D7_04_v3	1014416	0.10989	0.0389222	0.0467029
Pf3D7_04_v3	1033018	0.535211	0.477642	0.00188484
Pf3D7_04_v3	1034437	0.58046	0.716443	0.0500385
Pf3D7_04_v3	1035493	0.11236	0.167224	0.011585
Pf3D7_04_v3	1036984	0.71875	0.620229	0.0314518
Pf3D7_04_v3	1037433	0.413043	0.326923	0.0176366
Pf3D7_04_v3	1037656	0.492537	0.420213	0.00942402
Pf3D7_04_v3	1042985	0.377778	0.436364	0.00459233
Pf3D7_04_v3	1043003	0.472527	0.373494	0.023871
Pf3D7_04_v3	1043010	0.438889	0.340909	0.023901
Pf3D7_04_v3	1043476	0.130435	0.233434	0.0456473
Pf3D7_04_v3	1043488	0.60989	0.536145	0.0106279
Pf3D7_04_v3	1051722	0.344086	0.271772	0.0125443
Pf3D7_04_v3	1063155	0.385714	0.441281	0.00269418
Pf3D7_04_v3	1065123	0.193878	0.117871	0.0306771
Pf3D7_04_v3	1078397	0.076087	0.150769	0.0336801
Pf3D7_04_v3	1078398	0.076087	0.150769	0.0336801
Pf3D7_04_v3	1083336	0.592391	0.701807	0.032206
Pf3D7_04_v3	1134673	0.0561798	0.132075	0.0429711
Pf3D7_04_v3	1137262	0.448276	0.526316	0.0115828
Pf3D7_04_v3	1137276	0.4375	0.537855	0.0233758
Pf3D7_04_v3	1137285	0.355556	0.434251	0.0132033
Pf3D7_04_v3	1137298	0.411111	0.501603	0.0179232
Pf3D7_04_v3	1137348	0.403614	0.532895	0.0422751
Pf3D7_04_v3	1137378	0.192308	0.243939	0.00616019
Pf3D7_05_v3	51707	0.152174	0.0870871	0.023289
Pf3D7_05_v3	69564	0.537634	0.613293	0.0117328
Pf3D7_05_v3	69585	0.543478	0.611782	0.00869076
Pf3D7_05_v3	84637	0.0549451	0.147975	0.0609043
Pf3D7_05_v3	98322	0.161111	0.224398	0.0130984
Pf3D7_05_v3	110225	0.130435	0.0778443	0.0162274
Pf3D7_05_v3	132297	0.217391	0.148649	0.01776
Pf3D7_05_v3	132885	0.434783	0.381737	0.00300601
Pf3D7_05_v3	144161	0.565217	0.498471	0.00730411
Pf3D7_05_v3	158076	0.575269	0.508982	0.00729085
Pf3D7_05_v3	163004	0.154762	0.101695	0.0115796
Pf3D7_05_v3	167841	0.170588	0.265337	0.0333476
Pf3D7_05_v3	180912	0.0958904	0.166052	0.0241314
Pf3D7_05_v3	198142	0.358696	0.440909	0.0149823
Pf3D7_05_v3	224735	0.12987	0.0776173	0.0140619
Pf3D7_05_v3	248637	0.129412	0.211009	0.0291284
Pf3D7_05_v3	269653	0.0752688	0.158683	0.0426787
Pf3D7_05_v3	289916	0.0304878	0.0806452	0.0293081
Pf3D7_05_v3	289917	0.847561	0.79703	0.00667231
Pf3D7_05_v3	323247	0.963235	0.9	0.0464115
Pf3D7_05_v3	329493	0.636364	0.577399	0.00503432
Pf3D7_05_v3	329606	0.191011	0.303738	0.0429448
Pf3D7_05_v3	329613	0.705556	0.768025	0.00889848
Pf3D7_05_v3	351970	0.119048	0.213983	0.048646
Pf3D7_05_v3	352439	0.347826	0.285985	0.00564502
Pf3D7_05_v3	363660	0.284946	0.427928	0.0575702
Pf3D7_05_v3	364200	0.788043	0.733533	0.00635575
Pf3D7_05_v3	364227	0.763441	0.709581	0.00545185
Pf3D7_05_v3	367574	0.209677	0.141141	0.0177882
Pf3D7_05_v3	369646	0.392857	0.443144	0.00124196
Pf3D7_05_v3	370000	0.158537	0.222403	0.0132828
Pf3D7_05_v3	373027	0	0.0548246	0.0715104
Pf3D7_05_v3	390886	0.0491803	0.1875	0.131769
Pf3D7_05_v3	391061	0.40625	0.606178	0.127641
Pf3D7_05_v3	398584	0.413978	0.483533	0.00883442
Pf3D7_05_v3	404759	0.535211	0.47651	0.00402028
Pf3D7_05_v3	428493	0.0322581	0.0853293	0.0307704
Pf3D7_05_v3	474904	0.37234	0.431034	0.00298201
Pf3D7_05_v3	476562	0.190476	0.241325	0.00541834
Pf3D7_05_v3	476920	0.836957	0.781627	0.00905136
Pf3D7_05_v3	476993	0.139785	0.204819	0.0160041
Pf3D7_05_v3	477271	0.207865	0.3125	0.0355876
Pf3D7_05_v3	482076	0.107527	0.039039	0.0436998
Pf3D7_05_v3	482152	0.483696	0.357357	0.0416349
Pf3D7_05_v3	550283	0.483696	0.412651	0.00953856
Pf3D7_05_v3	551081	0.219101	0.285494	0.0115267
Pf3D7_05_v3	560047	0.302198	0.207207	0.0289268
Pf3D7_05_v3	598347	0.263441	0.36747	0.0304811
Pf3D7_05_v3	610142	0.387097	0.327327	0.00589798
Pf3D7_05_v3	610440	0.193548	0.243976	0.00536332
Pf3D7_05_v3	616768	0.123656	0.177177	0.0106907
Pf3D7_05_v3	632151	0.219697	0.105166	0.0651909
Pf3D7_05_v3	635277	0.155556	0.279365	0.0573387
Pf3D7_05_v3	669320	0.255682	0.192188	0.0109421
Pf3D7_05_v3	671370	0.342391	0.433934	0.0201153
Pf3D7_05_v3	673393	0.473118	0.564371	0.0186869
Pf3D7_05_v3	673560	0.570652	0.497006	0.0106081
Pf3D7_05_v3	679125	0.786517	0.733434	0.00594247
Pf3D7_05_v3	679970	0.605882	0.548896	0.00373645
Pf3D7_05_v3	680094	0.155172	0.213355	0.0101798
Pf3D7_05_v3	680113	0.143678	0.205128	0.0130214
Pf3D7_05_v3	680117	0.142045	0.202572	0.012542
Pf3D7_05_v3	680124	0.142045	0.199357	0.0107302
Pf3D7_05_v3	680745	0.689655	0.577882	0.0333929
Pf3D7_05_v3	706173	0.865591	0.8003	0.0171754
Pf3D7_05_v3	796565	0.477528	0.541925	0.00622167
Pf3D7_05_v3	806315	0.252688	0.15861	0.0328762
Pf3D7_05_v3	807383	0.209677	0.25976	0.00465311
Pf3D7_05_v3	831871	0.622093	0.566066	0.0038784
Pf3D7_05_v3	839940	0.908602	0.982036	0.0671968
Pf3D7_05_v3	847625	0.307692	0.408408	0.026526
Pf3D7_05_v3	852072	0.0833333	0.0245399	0.0425246
Pf3D7_05_v3	852127	0.119318	0.0423197	0.050361
Pf3D7_05_v3	852380	0.0705882	0.157729	0.0487901
Pf3D7_05_v3	855823	0.689873	0.742138	0.00441633
Pf3D7_05_v3	896891	0.215054	0.269592	0.00601918
Pf3D7_05_v3	897486	0.376344	0.47006	0.0207194
Pf3D7_05_v3	908694	0.186813	0.24613	0.00924073
Pf3D7_05_v3	911820	0.141304	0.0822511	0.0211011
Pf3D7_05_v3	921360	0.486486	0.545603	0.00413651
Pf3D7_05_v3	921466	0.17284	0.224359	0.00661093
Pf3D7_05_v3	921893	0.467033	0.407407	0.0045923
Pf3D7_05_v3	949158	0.784946	0.843844	0.0113456
Pf3D7_05_v3	1004355	0.198925	0.25976	0.00960535
Pf3D7_05_v3	1043303	0.544872	0.472881	0.00892626
Pf3D7_05_v3	1082409	0.462366	0.399096	0.00645982
Pf3D7_05_v3	1101513	0.0797101	0.15625	0.0324285
Pf3D7_05_v3	1113924	0.213483	0.115385	0.044565
Pf3D7_05_v3	1114074	0.752688	0.641337	0.0363101
Pf3D7_05_v3	1172665	0.225806	0.310241	0.0207991
Pf3D7_05_v3	1181363	0.164835	0.0868263	0.0342584
Pf3D7_05_v3	1188659	0.5	0.564873	0.00701428
Pf3D7_05_v3	1215455	0.0666667	0.132979	0.0299608
Pf3D7_05_v3	1216961	0.0583333	0.138462	0.0494323
Pf3D7_05_v3	1217183	0.128788	0.0354478	0.0788205
Pf3D7_05_v3	1217961	0.575758	0.625887	0.000745137
Pf3D7_05_v3	1218611	0.348837	0.287462	0.00713847
Pf3D7_05_v3	1237394	0.623656	0.681682	0.00536687
Pf3D7_05_v3	1271257	0.575581	0.431034	0.0543671
Pf3D7_05_v3	1271857	0.333333	0.275316	0.00585453
Pf3D7_05_v3	1274281	0.43662	0.330935	0.0285188
Pf3D7_05_v3	1309167	0.391304	0.337838	0.00331769
Pf3D7_05_v3	1313555	0.505376	0.420659	0.0154094
Pf3D7_05_v3	1318836	0.516304	0.58982	0.0103174
Pf3D7_05_v3	1318904	0.36413	0.453313	0.0183102
Pf3D7_05_v3	1318909	0.358696	0.451807	0.0205574
Pf3D7_06_v3	74373	0.795699	0.678788	0.0446953
Pf3D7_06_v3	74376	0.526882	0.380303	0.0556253
Pf3D7_06_v3	114520	0.380435	0.482036	0.0253366
Pf3D7_06_v3	114533	0.358696	0.468563	0.0308299
Pf3D7_06_v3	116607	0.434783	0.30988	0.0428905
Pf3D7_06_v3	116620	0.418478	0.318862	0.0257626
Pf3D7_06_v3	116621	0.418478	0.318862	0.0257626
Pf3D7_06_v3	116629	0.41573	0.336826	0.0144647
Pf3D7_06_v3	119814	0.945652	0.889222	0.025312
Pf3D7_06_v3	119856	0.0706522	0.130631	0.0236377
Pf3D7_06_v3	145374	0.0113636	0.0802469	0.0712788
Pf3D7_06_v3	145377	0.0113636	0.0797546	0.0708655
Pf3D7_06_v3	173638	0.0215054	0.0722892	0.0360811
Pf3D7_06_v3	227243	0.0821918	0.0286738	0.0334604
Pf3D7_06_v3	242392	0.317308	0.261628	0.00363807
Pf3D7_06_v3	253113	0.145161	0.209581	0.0150973
Pf3D7_06_v3	272719	0.272727	0.219008	0.0033382
Pf3D7_06_v3	285246	0.382022	0.315152	0.0087629
Pf3D7_06_v3	304643	0.865591	0.777778	0.0324388
Pf3D7_06_v3	339879	0	0.0504202	0.0819133
Pf3D7_06_v3	377297	0.675	0.763672	0.0226136
Pf3D7_06_v3	378542	0.238636	0.398333	0.0737863
Pf3D7_06_v3	385983	0.0989011	0.037037	0.0374767
Pf3D7_06_v3	387083	0.782609	0.840979	0.0105908
Pf3D7_06_v3	389754	0.327957	0.273414	0.00473141
Pf3D7_06_v3	415319	0.346591	0.273885	0.0116704
Pf3D7_06_v3	456868	0.0769231	0.163823	0.0455579
Pf3D7_06_v3	491628	0.0984848	0.188119	0.0462315
Pf3D7_06_v3	496596	0.396739	0.345808	0.00256064
Pf3D7_06_v3	529010	0.27957	0.33982	0.00711772
Pf3D7_06_v3	529076	0.123656	0.208084	0.0318954
Pf3D7_06_v3	542221	0.225275	0.280675	0.00618159
Pf3D7_06_v3	577389	0.298851	0.349026	0.00231017
Pf3D7_06_v3	578202	0.487013	0.561594	0.00913154
Pf3D7_06_v3	593826	0.397849	0.325826	0.010589
Pf3D7_06_v3	619007	0.677419	0.751497	0.0141943
Pf3D7_06_v3	624269	0.634409	0.740964	0.0326268
Pf3D7_06_v3	624276	0.076087	0.0254491	0.0325729
Pf3D7_06_v3	624289	0.625	0.689189	0.00815523
Pf3D7_06_v3	627141	0.354839	0.464072	0.0302068
Pf3D7_06_v3	634139	0.237705	0.173358	0.0135097
Pf3D7_06_v3	636206	0.240385	0.377432	0.0654319
Pf3D7_06_v3	639086	0.397849	0.465465	0.00788037
Pf3D7_06_v3	647767	0.622807	0.773649	0.0854804
Pf3D7_06_v3	654202	0.55914	0.611111	0.00270896
Pf3D7_06_v3	681463	0.460227	0.521212	0.00518959
Pf3D7_06_v3	682542	0.465517	0.517296	0.0019394
Pf3D7_06_v3	693079	0.284946	0.226727	0.00735866
Pf3D7_06_v3	780026	0.331522	0.264264	0.0101586
Pf3D7_06_v3	797371	0.333333	0.388554	0.00419088
Pf3D7_06_v3	798455	0.195122	0.143939	0.00780399
Pf3D7_06_v3	823745	0.672043	0.615269	0.00479916
Pf3D7_06_v3	824221	0.822581	0.747006	0.0192094
Pf3D7_06_v3	825473	0.505376	0.431138	0.0107406
Pf3D7_06_v3	826183	0.177419	0.245509	0.0150983
Pf3D7_06_v3	827446	0.290323	0.350299	0.00661324
Pf3D7_06_v3	828863	0.327957	0.272455	0.00542665
Pf3D7_06_v3	834400	0.317647	0.240964	0.0164242
Pf3D7_06_v3	834448	0.325843	0.260542	0.00962818
Pf3D7_06_v3	834464	0.348315	0.253754	0.0256952
Pf3D7_06_v3	851783	0.172043	0.100904	0.0251575
Pf3D7_06_v3	851979	0.428571	0.359568	0.00865468
Pf3D7_06_v3	858307	0.472826	0.359281	0.032755
Pf3D7_06_v3	869387	0.568966	0.645963	0.0125503
Pf3D7_06_v3	879731	0.0604396	0.0060423	0.0602325
Pf3D7_06_v3	884526	0.257812	0.354839	0.0306708
Pf3D7_06_v3	909069	0.241935	0.304805	0.00886266
Pf3D7_06_v3	912669	0.112903	0.174699	0.0171589
Pf3D7_06_v3	916177	0.13587	0.193114	0.0119584
Pf3D7_06_v3	967409	0	0.0639731	0.0842817
Pf3D7_06_v3	991899	0.198925	0.148204	0.00785252
Pf3D7_06_v3	1009701	0.247253	0.304217	0.00645216
Pf3D7_06_v3	1012113	0.716667	0.769461	0.00482015
Pf3D7_06_v3	1023829	0.188172	0.13253	0.0107882
Pf3D7_06_v3	1027157	0.16129	0.0988024	0.0191882
Pf3D7_06_v3	1110981	0.0806452	0.134441	0.016403
Pf3D7_06_v3	1111541	0.204301	0.27027	0.0119597
Pf3D7_06_v3	1114625	0.1	0.152905	0.0129103
Pf3D7_06_v3	1116101	0.0746269	0.132616	0.02122
Pf3D7_06_v3	1117519	0.0944444	0.152905	0.0171552
Pf3D7_06_v3	1160101	0.13253	0.201807	0.0200914
Pf3D7_06_v3	1184506	0.377778	0.442943	0.00716418
Pf3D7_06_v3	1192365	0.404494	0.454955	0.00194928
Pf3D7_06_v3	1197298	0.340909	0.454128	0.0334134
Pf3D7_06_v3	1206227	0.427711	0.479452	0.00152093
Pf3D7_06_v3	1206442	0.797619	0.932886	0.100782
Pf3D7_06_v3	1206498	0.382353	0.480263	0.0221091
Pf3D7_06_v3	1214350	0.794118	0.870805	0.0233753
Pf3D7_06_v3	1223570	0.152174	0.0778443	0.0338883
Pf3D7_06_v3	1224777	0.594118	0.700627	0.0304794
Pf3D7_06_v3	1255840	0.0376344	0.0913174	0.0295224
Pf3D7_06_v3	1268325	0.453488	0.342105	0.0308388
Pf3D7_06_v3	1268688	0.347561	0.414754	0.00775341
Pf3D7_06_v3	1268778	0.342697	0.271028	0.0116533
Pf3D7_06_v3	1268973	0.0752688	0.12614	0.0153909
Pf3D7_06_v3	1280801	0.311828	0.25976	0.00419833
Pf3D7_06_v3	1282493	0.736559	0.673193	0.00857676
Pf3D7_06_v3	1282691	0.625	0.540541	0.0156815
Pf3D7_06_v3	1282748	0.634409	0.561377	0.0104151
Pf3D7_06_v3	1285161	0.32967	0.427273	0.0239415
Pf3D7_06_v3	1289571	0.690217	0.567365	0.0408752
Pf3D7_06_v3	1289931	0.236559	0.322289	0.0208443
Pf3D7_06_v3	1290444	0.27957	0.370871	0.0222464
Pf3D7_06_v3	1290486	0.204301	0.26506	0.00927672
Pf3D7_07_v3	79935	0.342391	0.441935	0.0235573
Pf3D7_07_v3	80371	0.012987	0.0753968	0.0558206
Pf3D7_07_v3	80399	0.445312	0.508621	0.00336862
Pf3D7_07_v3	80417	0.0367647	0.154867	0.0984244
Pf3D7_07_v3	80428	0.0373134	0.152968	0.0939721
Pf3D7_07_v3	80432	0.0396825	0.152968	0.0917017
Pf3D7_07_v3	96780	0.489247	0.412913	0.0117564
Pf3D7_07_v3	122722	0.0185185	0.0797872	0.0614456
Pf3D7_07_v3	122751	0.0384615	0.0888889	0.028352
Pf3D7_07_v3	147345	0.854839	0.780781	0.0212273
Pf3D7_07_v3	153413	0.189024	0.127451	0.014823
Pf3D7_07_v3	159875	0.65	0.703927	0.00422273
Pf3D7_07_v3	160439	0.538462	0.630631	0.0201106
Pf3D7_07_v3	160532	0.693548	0.578078	0.0358863
Pf3D7_07_v3	162477	0.264368	0.318182	0.00440841
Pf3D7_07_v3	194825	0.294444	0.210769	0.0208204
Pf3D7_07_v3	198625	0.0348837	0.0857143	0.0268705
Pf3D7_07_v3	201621	0.0703125	0.00743494	0.0724579
Pf3D7_07_v3	202640	0.15625	0.227799	0.0176313
Pf3D7_07_v3	204876	0.186047	0.254573	0.014258
Pf3D7_07_v3	223672	0.177778	0.1	0.0370907
Pf3D7_07_v3	223889	0.244898	0.411417	0.0986125
Pf3D7_07_v3	223938	0.178571	0.250965	0.018027
Pf3D7_07_v3	224765	0.539683	0.624016	0.0138695
Pf3D7_07_v3	227275	0.521739	0.58006	0.00453507
Pf3D7_07_v3	227285	0.521739	0.575529	0.00303512
Pf3D7_07_v3	241197	0.0810811	0.155052	0.0323092
Pf3D7_07_v3	253684	0.492958	0.607527	0.0329806
Pf3D7_07_v3	333407	0.434524	0.317276	0.0360085
Pf3D7_07_v3	349267	0.467391	0.405405	0.00591841
Pf3D7_07_v3	375339	0.650538	0.592233	0.00447425
Pf3D7_07_v3	375770	0.271739	0.161677	0.0456481
Pf3D7_07_v3	375818	0.752688	0.806886	0.00678882
Pf3D7_07_v3	384293	0.256944	0.17637	0.0231505
Pf3D7_07_v3	385921	0.338028	0.467128	0.0457029
Pf3D7_07_v3	397135	0.833333	0.907942	0.032889
Pf3D7_07_v3	403625	0.317204	0.46997	0.063355
Pf3D7_07_v3	404407	0.331522	0.469072	0.0465152
Pf3D7_07_v3	404836	0.327957	0.496988	0.076392
Pf3D7_07_v3	405600	0.233696	0.401198	0.0844937
Pf3D7_07_v3	408434	0.0913978	0.0344311	0.0337818
Pf3D7_07_v3	408439	0.0913978	0.0345345	0.0335451
Pf3D7_07_v3	408743	0.682796	0.768072	0.0210009
Pf3D7_07_v3	415137	0.61236	0.699336	0.0175698
Pf3D7_07_v3	415245	0.573171	0.708042	0.0498952
Pf3D7_07_v3	415250	0.572289	0.704861	0.0478779
Pf3D7_07_v3	415529	0.540541	0.660777	0.0383086
Pf3D7_07_v3	415543	0.520548	0.660211	0.0532979
Pf3D7_07_v3	415625	0.472973	0.627586	0.0646803
Pf3D7_07_v3	418726	0.215278	0.268966	0.00504742
Pf3D7_07_v3	419410	0.638889	0.714041	0.0128886
Pf3D7_07_v3	419413	0.626761	0.713793	0.0194903
Pf3D7_07_v3	419603	0.647887	0.752632	0.032934
Pf3D7_07_v3	420853	0.463855	0.402961	0.00472925
Pf3D7_07_v3	420908	0.471264	0.531949	0.00475315
Pf3D7_07_v3	420925	0.36747	0.509646	0.0534819
Pf3D7_07_v3	421420	0.27957	0.429217	0.0629932
Pf3D7_07_v3	424874	0.123656	0.0455927	0.0495448
Pf3D7_07_v3	424982	0.236559	0.159639	0.0211363
Pf3D7_07_v3	425729	0.126437	0.076412	0.0135693
Pf3D7_07_v3	426524	0.546296	0.486641	0.00326111
Pf3D7_07_v3	426721	0.887755	0.962598	0.0608339
Pf3D7_07_v3	426753	0.215517	0.380859	0.0926503
Pf3D7_07_v3	430364	0.197674	0.347315	0.071163
Pf3D7_07_v3	430421	0.818182	0.869932	0.00889747
Pf3D7_07_v3	431908	0.0288462	0.0799257	0.0359392
Pf3D7_07_v3	432784	0.422414	0.552727	0.0484279
Pf3D7_07_v3	433054	0.254237	0.203846	0.00372676
Pf3D7_07_v3	435368	0.329545	0.440439	0.0316759
Pf3D7_07_v3	435497	0.302326	0.399381	0.0244609
Pf3D7_07_v3	444875	0.880952	0.939597	0.0239699
Pf3D7_07_v3	445690	0.342593	0.416981	0.0115669
Pf3D7_07_v3	450016	0.533708	0.457831	0.0117233
Pf3D7_07_v3	450032	0.566667	0.509036	0.00447105
Pf3D7_07_v3	450529	0.811594	0.897152	0.0410945
Pf3D7_07_v3	454103	0.340659	0.249249	0.023666
Pf3D7_07_v3	455494	0.565217	0.497006	0.00799682
Pf3D7_07_v3	455550	0.581522	0.505988	0.011151
Pf3D7_07_v3	455974	0.360215	0.53003	0.0758762
Pf3D7_07_v3	456232	0.403226	0.479042	0.0114854
Pf3D7_07_v3	456466	0.478261	0.531532	0.00253206
Pf3D7_07_v3	457005	0.533333	0.632132	0.0236247
Pf3D7_07_v3	457269	0.570652	0.621257	0.00220465
Pf3D7_07_v3	461139	0.435484	0.517964	0.0144299
Pf3D7_07_v3	461191	0.553763	0.624251	0.00953366
Pf3D7_07_v3	461399	0.16129	0.108108	0.012274
Pf3D7_07_v3	463705	0.711957	0.618976	0.0227428
Pf3D7_07_v3	465019	0.336957	0.271903	0.00891412
Pf3D7_07_v3	465426	0.413043	0.468085	0.00316978
Pf3D7_07_v3	465579	0.67284	0.724522	0.00300114
Pf3D7_07_v3	465691	0.567164	0.684028	0.0386361
Pf3D7_07_v3	465928	0.539474	0.72037	0.133767
Pf3D7_07_v3	466124	0.431818	0.548193	0.0400071
Pf3D7_07_v3	466236	0.178571	0.238722	0.0115365
Pf3D7_07_v3	471118	0.02	0.0895833	0.0679336
Pf3D7_07_v3	471237	0.166667	0.254902	0.0281845
Pf3D7_07_v3	475469	0.397849	0.504491	0.0279668
Pf3D7_07_v3	475576	0.360215	0.510479	0.0596249
Pf3D7_07_v3	475635	0.0967742	0.188623	0.0434625
Pf3D7_07_v3	476116	0.0537634	0.146526	0.0618511
Pf3D7_07_v3	477031	0.0268817	0.0960961	0.054021
Pf3D7_07_v3	485646	0.417582	0.358006	0.00525302
Pf3D7_07_v3	488471	0.474684	0.401294	0.00995146
Pf3D7_07_v3	489666	0.586022	0.531437	0.00319415
Pf3D7_07_v3	492639	0.16129	0.22006	0.0109773
Pf3D7_07_v3	495855	0.489247	0.552711	0.00630395
Pf3D7_07_v3	495936	0.247312	0.151198	0.0357728
Pf3D7_07_v3	496138	0.646739	0.747748	0.029311
Pf3D7_07_v3	496481	0.887097	0.82485	0.0174439
Pf3D7_07_v3	505718	0.272222	0.213415	0.0083657
Pf3D7_07_v3	505753	0.333333	0.25076	0.0188184
Pf3D7_07_v3	505769	0.35	0.254545	0.0262563
Pf3D7_07_v3	505802	0.398876	0.493902	0.0211699
Pf3D7_07_v3	506984	0.196429	0.251613	0.00703446
Pf3D7_07_v3	507272	0.413043	0.347352	0.00765722
Pf3D7_07_v3	605814	0.1875	0.255172	0.0130867
Pf3D7_07_v3	605852	0.11875	0.201031	0.0298082
Pf3D7_07_v3	606339	0.17284	0.103041	0.0232313
Pf3D7_07_v3	607238	0.188312	0.131229	0.0135354
Pf3D7_07_v3	607520	0.084507	0.151203	0.0255681
Pf3D7_07_v3	607672	0.112676	0.169492	0.0138461
Pf3D7_07_v3	614420	0.0730337	0.150307	0.0374664
Pf3D7_07_v3	614770	0.247253	0.125	0.0643168
Pf3D7_07_v3	614772	0.313187	0.243976	0.0117518
Pf3D7_07_v3	614840	0.193548	0.134441	0.0127822
Pf3D7_07_v3	614879	0.238889	0.179448	0.00961097
Pf3D7_07_v3	614996	0.0581395	0.117378	0.0265936
Pf3D7_07_v3	615869	0.25	0.198556	0.00434596
Pf3D7_07_v3	616459	0.52439	0.459248	0.00639875
Pf3D7_07_v3	616874	0.343373	0.402208	0.00514259
Pf3D7_07_v3	616946	0.436047	0.37931	0.00384735
Pf3D7_07_v3	618098	0.414773	0.477204	0.00617321
Pf3D7_07_v3	618245	0.629213	0.553354	0.0119266
Pf3D7_07_v3	619182	0.0555556	0.113982	0.0262558
Pf3D7_07_v3	619398	0.77381	0.723101	0.00395177
Pf3D7_07_v3	620279	0.215054	0.296073	0.0194491
Pf3D7_07_v3	627405	0.327957	0.407186	0.0144372
Pf3D7_07_v3	627424	0.306452	0.399399	0.0221341
Pf3D7_07_v3	627478	0.155914	0.226048	0.0176602
Pf3D7_07_v3	628392	0.424731	0.374251	0.00224598
Pf3D7_07_v3	629386	0.267857	0.372581	0.030515
Pf3D7_07_v3	629464	0.335366	0.40035	0.00643414
Pf3D7_07_v3	629467	0.335366	0.398601	0.00574233
Pf3D7_07_v3	631810	0.146341	0.198305	0.00777738
Pf3D7_07_v3	633046	0.0410959	0.0977199	0.032616
Pf3D7_07_v3	635759	0.564516	0.435629	0.0421013
Pf3D7_07_v3	635776	0.537634	0.434132	0.0257069
Pf3D7_07_v3	678111	0.414062	0.326923	0.0174952
Pf3D7_07_v3	678227	0.0223881	0.0811321	0.0454734
Pf3D7_07_v3	679897	0.112903	0.033033	0.0608187
Pf3D7_07_v3	712909	0.510753	0.583832	0.0104684
Pf3D7_07_v3	730268	0.770588	0.833861	0.0126862
Pf3D7_07_v3	732865	0.741758	0.796687	0.00680441
Pf3D7_07_v3	744613	0.313725	0.224609	0.0258265
Pf3D7_07_v3	752436	0.412088	0.256098	0.0711049
Pf3D7_07_v3	836215	0.461538	0.392308	0.00845582
Pf3D7_07_v3	844728	0.0895522	0.166052	0.0328514
Pf3D7_07_v3	851697	0.23125	0.29717	0.0108872
Pf3D7_07_v3	853259	0.543011	0.483483	0.00483804
Pf3D7_07_v3	866181	0.87037	0.950342	0.062296
Pf3D7_07_v3	867073	0.0820896	0.0197133	0.0542728
Pf3D7_07_v3	874011	0.117188	0.0669145	0.0160404
Pf3D7_07_v3	883457	0.523256	0.434251	0.0176089
Pf3D7_07_v3	884384	0.486301	0.548013	0.00477742
Pf3D7_07_v3	905739	0.0376344	0.0975976	0.0349957
Pf3D7_07_v3	908894	0.138158	0.266212	0.0676322
Pf3D7_07_v3	910194	0.379121	0.282407	0.0245421
Pf3D7_07_v3	914657	0.193548	0.124251	0.0207271
Pf3D7_07_v3	993421	0.0714286	0.13253	0.0243789
Pf3D7_07_v3	997052	0.0113636	0.141732	0.194783
Pf3D7_07_v3	1019630	0.0268817	0.0795796	0.0338703
Pf3D7_07_v3	1032205	0.0591398	0.142643	0.0497599
Pf3D7_07_v3	1044052	0.477011	0.396923	0.0136215
Pf3D7_07_v3	1056801	0.0338983	0.0847107	0.0271038
Pf3D7_07_v3	1059855	0.126582	0.217314	0.034866
Pf3D7_07_v3	1066647	0.735632	0.846626	0.0483908
Pf3D7_07_v3	1066698	0.668539	0.751524	0.0189666
Pf3D7_07_v3	1114851	0.274725	0.220721	0.00589418
Pf3D7_07_v3	1115805	0.639785	0.57485	0.00739766
Pf3D7_07_v3	1149505	0.857955	0.794118	0.0146564
Pf3D7_07_v3	1160239	0.360215	0.429003	0.00893216
Pf3D7_07_v3	1168130	0.0170455	0.0770393	0.0525313
Pf3D7_07_v3	1168247	0.138889	0.222222	0.0288284
Pf3D7_07_v3	1168250	0.138889	0.219219	0.026653
Pf3D7_07_v3	1169723	0.182796	0.10241	0.0321824
Pf3D7_07_v3	1170354	0.483333	0.594225	0.0301437
Pf3D7_07_v3	1171842	0.0268817	0.0930931	0.0494524
Pf3D7_07_v3	1171889	0.0217391	0.0825826	0.0473976
Pf3D7_07_v3	1173482	0.0714286	0.126506	0.0195293
Pf3D7_07_v3	1187716	0.0591398	0.128743	0.0353765
Pf3D7_07_v3	1233797	0.424731	0.476048	0.00212104
Pf3D7_07_v3	1243078	0.449367	0.33677	0.0321395
Pf3D7_07_v3	1243766	0.594595	0.690789	0.0242372
Pf3D7_07_v3	1256331	0.875	0.806291	0.0217418
Pf3D7_07_v3	1257029	0.192771	0.138796	0.00909275
Pf3D7_07_v3	1260601	0.426966	0.480303	0.00273716
Pf3D7_07_v3	1285356	0.417582	0.33033	0.0182577
Pf3D7_07_v3	1309887	0.175325	0.0989583	0.0292664
Pf3D7_07_v3	1362913	0.0379747	0.101881	0.0420734
Pf3D7_07_v3	1362920	0.0379747	0.101881	0.0420734
Pf3D7_07_v3	1362925	0.519737	0.576562	0.00391009
Pf3D7_08_v3	80563	0.247312	0.194611	0.00634998
Pf3D7_08_v3	102415	0.00537634	0.0643713	0.0676055
Pf3D7_08_v3	115528	0.133929	0.203922	0.0199765
Pf3D7_08_v3	117802	0.252688	0.138973	0.052294
Pf3D7_08_v3	150033	0.310127	0.239583	0.011355
Pf3D7_08_v3	152807	0.0913978	0.0363636	0.0306883
Pf3D7_08_v3	157014	0.315217	0.230539	0.0207211
Pf3D7_08_v3	206113	0.0913978	0.142643	0.0132468
Pf3D7_08_v3	229173	0.545455	0.610197	0.00654049
Pf3D7_08_v3	240446	0.0934066	0.033033	0.0386199
Pf3D7_08_v3	242815	0.142857	0.0903614	0.0141611
Pf3D7_08_v3	251175	0.115854	0.0551724	0.0274241
Pf3D7_08_v3	296017	0.046875	0.113793	0.0423357
Pf3D7_08_v3	369734	0.139785	0.218563	0.0250443
Pf3D7_08_v3	398737	0.360215	0.426647	0.00824237
Pf3D7_08_v3	399898	0.225806	0.163174	0.0129987
Pf3D7_08_v3	399899	0.225806	0.163174	0.0129987
Pf3D7_08_v3	406895	0.291209	0.345345	0.00438728
Pf3D7_08_v3	412981	0.702703	0.587329	0.0372082
Pf3D7_08_v3	413067	0.486111	0.397887	0.0170139
Pf3D7_08_v3	423537	0.510989	0.621667	0.0286284
Pf3D7_08_v3	468454	0.225806	0.307229	0.0193405
Pf3D7_08_v3	469434	0.0806452	0.148649	0.0274674
Pf3D7_08_v3	469454	0.61828	0.676647	0.00518319
Pf3D7_08_v3	469490	0.0913978	0.152695	0.020005
Pf3D7_08_v3	469505	0.102151	0.152695	0.011262
Pf3D7_08_v3	470004	0.704301	0.775449	0.0136563
Pf3D7_08_v3	471213	0.392473	0.521021	0.0422198
Pf3D7_08_v3	471263	0.301075	0.508982	0.116386
Pf3D7_08_v3	471333	0.55914	0.438438	0.0363247
Pf3D7_08_v3	471366	0.61413	0.476048	0.0496907
Pf3D7_08_v3	476177	0.0617978	0.115142	0.0195005
Pf3D7_08_v3	476310	0.54375	0.43949	0.026598
Pf3D7_08_v3	477453	0.06	0.127551	0.0335023
Pf3D7_08_v3	486640	0.206522	0.327844	0.0484389
Pf3D7_08_v3	486832	0.72043	0.670181	0.00336082
Pf3D7_08_v3	490297	0.222222	0.157658	0.0143732
Pf3D7_08_v3	490413	0.527174	0.608108	0.0141257
Pf3D7_08_v3	490424	0.510989	0.60961	0.0234467
Pf3D7_08_v3	491231	0.177419	0.114458	0.0173356
Pf3D7_08_v3	491371	0.163043	0.106287	0.0146296
Pf3D7_08_v3	494641	0.0430108	0.0963855	0.0261583
Pf3D7_08_v3	499624	0.146739	0.0948795	0.0127103
Pf3D7_08_v3	500772	0.102151	0.16967	0.022424
Pf3D7_08_v3	502858	0.634409	0.51497	0.0364143
Pf3D7_08_v3	509321	0.209677	0.363772	0.075904
Pf3D7_08_v3	526923	0.537634	0.459215	0.0122105
Pf3D7_08_v3	542477	0.134409	0.0778443	0.0194304
Pf3D7_08_v3	544529	0.3	0.397898	0.0253838
Pf3D7_08_v3	548801	0.467391	0.531627	0.00645158
Pf3D7_08_v3	561624	0.637363	0.716216	0.0150789
Pf3D7_08_v3	585466	0.186047	0.244589	0.00705027
Pf3D7_08_v3	594839	0.883721	0.807808	0.0272251
Pf3D7_08_v3	612596	0.146067	0.211356	0.0151619
Pf3D7_08_v3	615922	0.788043	0.841945	0.00855857
Pf3D7_08_v3	619138	0.177419	0.271472	0.0303911
Pf3D7_08_v3	626266	0.272059	0.429936	0.0812129
Pf3D7_08_v3	672242	0.150794	0.203642	0.00849063
Pf3D7_08_v3	693765	0.16129	0.0883234	0.0293124
Pf3D7_08_v3	701614	0.36747	0.418333	0.00162178
Pf3D7_08_v3	703811	0.102273	0.169255	0.0222446
Pf3D7_08_v3	706168	0.172414	0.118182	0.0120229
Pf3D7_08_v3	706777	0.362069	0.301829	0.0063914
Pf3D7_08_v3	711421	0.807692	0.648699	0.100462
Pf3D7_08_v3	724801	0.693548	0.621622	0.0113147
Pf3D7_08_v3	739292	0.241935	0.309668	0.0111642
Pf3D7_08_v3	739561	0.0967742	0.151198	0.0139296
Pf3D7_08_v3	752747	0.887097	0.812874	0.0257172
Pf3D7_08_v3	776285	0.227273	0.283582	0.00496793
Pf3D7_08_v3	806841	0.177419	0.237237	0.0102523
Pf3D7_08_v3	845431	0.301075	0.220721	0.0187647
Pf3D7_08_v3	845787	0.602151	0.504491	0.0224827
Pf3D7_08_v3	845861	0.215054	0.151198	0.0147817
Pf3D7_08_v3	846225	0.298913	0.239458	0.00753247
Pf3D7_08_v3	919519	0.177419	0.303892	0.0565264
Pf3D7_08_v3	919556	0.145161	0.257485	0.0504005
Pf3D7_08_v3	919594	0.204301	0.306886	0.0344109
Pf3D7_08_v3	922481	0.188172	0.112275	0.0269024
Pf3D7_08_v3	933060	0.482759	0.600639	0.0340439
Pf3D7_08_v3	983577	0.350575	0.471471	0.038941
Pf3D7_08_v3	997117	0.603261	0.551515	0.00226442
Pf3D7_08_v3	998576	0.0714286	0.133721	0.0245142
Pf3D7_08_v3	1002321	0.548387	0.451368	0.0214198
Pf3D7_08_v3	1008893	0.0895522	0.0289116	0.044781
Pf3D7_08_v3	1018664	0.108696	0.176647	0.0221401
Pf3D7_08_v3	1019110	0.0376344	0.0913174	0.0288083
Pf3D7_08_v3	1031401	0.526882	0.601208	0.0104216
Pf3D7_08_v3	1061323	0.32967	0.276435	0.00409848
Pf3D7_08_v3	1099848	0.596774	0.713855	0.0377838
Pf3D7_08_v3	1099944	0.532258	0.443114	0.0175937
Pf3D7_08_v3	1102513	0.676829	0.828267	0.0849449
Pf3D7_08_v3	1104361	0.537634	0.59633	0.00486074
Pf3D7_08_v3	1111636	0.179775	0.252266	0.0175874
Pf3D7_08_v3	1116244	0.5	0.435241	0.00663332
Pf3D7_08_v3	1143781	0.473118	0.414671	0.00471454
Pf3D7_08_v3	1148694	0.211957	0.267372	0.00691343
Pf3D7_08_v3	1169948	0.195122	0.136824	0.0113188
Pf3D7_08_v3	1176413	0.462366	0.534431	0.00954759
Pf3D7_08_v3	1196266	0.424731	0.513554	0.0176656
Pf3D7_08_v3	1208302	0.309859	0.446154	0.0490951
Pf3D7_08_v3	1214394	0.233333	0.159639	0.0195539
Pf3D7_08_v3	1237607	0.526882	0.437126	0.0179287
Pf3D7_08_v3	1250274	0.146739	0.0958084	0.0124057
Pf3D7_08_v3	1262503	0.155914	0.0808383	0.0335181
Pf3D7_08_v3	1262613	0.123656	0.042042	0.0559021
Pf3D7_08_v3	1290857	0.126506	0.0662252	0.0241631
Pf3D7_08_v3	1290961	0.136905	0.194888	0.0116879
Pf3D7_08_v3	1296850	0.263158	0.17128	0.0352004
Pf3D7_08_v3	1310673	0.633333	0.561728	0.00800031
Pf3D7_08_v3	1310722	0.283582	0.1875	0.0297236
Pf3D7_08_v3	1310759	0.262295	0.328512	0.00774741
Pf3D7_08_v3	1310810	0.25	0.329876	0.0156366
Pf3D7_08_v3	1310866	0.192308	0.262443	0.0128022
Pf3D7_08_v3	1310889	0.186275	0.281938	0.0318435
Pf3D7_08_v3	1314649	0.559524	0.68595	0.0539468
Pf3D7_08_v3	1314831	0.5	0.76626	0.262448
Pf3D7_08_v3	1314882	0.5125	0.700397	0.13003
Pf3D7_08_v3	1315568	0.152439	0.0828125	0.0292126
Pf3D7_08_v3	1315695	0.548193	0.482704	0.00685274
Pf3D7_08_v3	1316733	0.139785	0.0733533	0.0280079
Pf3D7_08_v3	1325187	0.286885	0.341924	0.00374475
Pf3D7_08_v3	1344521	0.653409	0.724771	0.0120447
Pf3D7_08_v3	1344546	0.393258	0.464724	0.00943851
Pf3D7_08_v3	1362947	0.132075	0.205479	0.0206067
Pf3D7_08_v3	1363159	0.558824	0.658009	0.0252291
Pf3D7_08_v3	1363160	0.408333	0.526749	0.0350663
Pf3D7_08_v3	1363485	0.294521	0.392713	0.0228345
Pf3D7_08_v3	1363510	0.348684	0.442085	0.0184908
Pf3D7_08_v3	1363532	0.425373	0.489754	0.00425111
Pf3D7_08_v3	1363564	0.3125	0.405797	0.0208601
Pf3D7_09_v3	87155	0.168478	0.118263	0.00972192
Pf3D7_09_v3	99264	0.166667	0.107784	0.0158214
Pf3D7_09_v3	109742	0.360215	0.296073	0.00802491
Pf3D7_09_v3	115178	0.0706522	0.139222	0.0308326
Pf3D7_09_v3	127567	0.107527	0.176647	0.0230458
Pf3D7_09_v3	127644	0.284946	0.336336	0.00370384
Pf3D7_09_v3	145143	0.188172	0.327844	0.0661286
Pf3D7_09_v3	147780	0.507692	0.562738	0.00173489
Pf3D7_09_v3	158439	0.0987654	0.161404	0.0182225
Pf3D7_09_v3	158728	0.316176	0.389513	0.0103472
Pf3D7_09_v3	168615	0.591398	0.540419	0.00243607
Pf3D7_09_v3	200797	0.3	0.386364	0.0184766
Pf3D7_09_v3	203070	0.540541	0.612378	0.0100141
Pf3D7_09_v3	203167	0.524691	0.607477	0.0151226
Pf3D7_09_v3	203179	0.518072	0.589506	0.00959015
Pf3D7_09_v3	203308	0.538961	0.652381	0.0347009
Pf3D7_09_v3	203959	0.738095	0.67354	0.00927007
Pf3D7_09_v3	231065	0.683544	0.6	0.0158417
Pf3D7_09_v3	248427	0.0698925	0.0197568	0.0354847
Pf3D7_09_v3	282708	0.61413	0.554054	0.00564407
Pf3D7_09_v3	285253	0.0597826	0.11746	0.0234898
Pf3D7_09_v3	289180	0.123656	0.0615616	0.0274211
Pf3D7_09_v3	302477	0.94086	0.875749	0.031427
Pf3D7_09_v3	319442	0.247312	0.194611	0.00644479
Pf3D7_09_v3	331689	0.0967742	0.0434132	0.0262408
Pf3D7_09_v3	334350	0.722826	0.797904	0.0170371
Pf3D7_09_v3	348948	0.684783	0.778287	0.0260364
Pf3D7_09_v3	367185	0.392473	0.297297	0.0237312
Pf3D7_09_v3	370170	0.10989	0.0510836	0.0272526
Pf3D7_09_v3	370705	0.0483871	0.106287	0.0283904
Pf3D7_09_v3	391752	0.138889	0.0815972	0.0185574
Pf3D7_09_v3	416759	0.290323	0.233533	0.00671509
Pf3D7_09_v3	419369	0.440476	0.50817	0.00718676
Pf3D7_09_v3	485207	0	0.053125	0.0727515
Pf3D7_09_v3	515904	0.507576	0.663603	0.0684608
Pf3D7_09_v3	516624	0.0887097	0.140873	0.0125735
Pf3D7_09_v3	520326	0.708333	0.796358	0.0237451
Pf3D7_09_v3	530871	0.076087	0.0255255	0.0323007
Pf3D7_09_v3	543007	0.150538	0.0958084	0.0148468
Pf3D7_09_v3	588370	0	0.062753	0.122232
Pf3D7_09_v3	595955	0.0674157	0.193846	0.0925627
Pf3D7_09_v3	595969	0.103448	0.233025	0.079635
Pf3D7_09_v3	596267	0.0192308	0.108626	0.0918282
Pf3D7_09_v3	597897	0.454545	0.53442	0.0117288
Pf3D7_09_v3	602381	0.280822	0.218644	0.00921563
Pf3D7_09_v3	602885	0.505682	0.440705	0.00638718
Pf3D7_09_v3	614687	0.22043	0.135542	0.0297314
Pf3D7_09_v3	621219	0.0430108	0.108108	0.0380087
Pf3D7_09_v3	659104	0.0215054	0.0765766	0.0404783
Pf3D7_09_v3	670128	0.301075	0.25	0.00398817
Pf3D7_09_v3	670289	0.258065	0.153153	0.0428035
Pf3D7_09_v3	686900	0.478495	0.425305	0.00289754
Pf3D7_09_v3	689176	0.876344	0.952096	0.0468189
Pf3D7_09_v3	707853	0.407407	0.484076	0.0117298
Pf3D7_09_v3	799191	0.25625	0.19281	0.011015
Pf3D7_09_v3	853207	0.863095	0.913961	0.0131833
Pf3D7_09_v3	882024	0.107527	0.0574018	0.0180315
Pf3D7_09_v3	900277	0.195652	0.137195	0.0123453
Pf3D7_09_v3	917213	0.445055	0.557229	0.0309642
Pf3D7_09_v3	934000	0.177419	0.118619	0.0143151
Pf3D7_09_v3	942114	0.22043	0.14006	0.0256424
Pf3D7_09_v3	995408	0.0163043	0.100917	0.0840879
Pf3D7_09_v3	1011405	0.434783	0.383234	0.00233559
Pf3D7_09_v3	1054710	0.26087	0.187311	0.0169855
Pf3D7_09_v3	1076011	0.11413	0.181138	0.0201032
Pf3D7_09_v3	1078816	0.646667	0.719858	0.0114141
Pf3D7_09_v3	1140901	0.137363	0.0763473	0.0231607
Pf3D7_09_v3	1141801	0.505376	0.446108	0.00493853
Pf3D7_09_v3	1171737	0.0284091	0.101515	0.0582465
Pf3D7_09_v3	1173326	0.607527	0.695195	0.0190565
Pf3D7_09_v3	1185420	0.127907	0.053681	0.0431062
Pf3D7_09_v3	1202246	0.327381	0.417857	0.0181063
Pf3D7_09_v3	1202252	0.327381	0.415771	0.0169882
Pf3D7_09_v3	1202254	0.321429	0.417857	0.0214201
Pf3D7_09_v3	1202321	0.0662651	0.135906	0.0322805
Pf3D7_09_v3	1202327	0.0662651	0.133333	0.0300712
Pf3D7_09_v3	1202329	0.0654762	0.133333	0.0308476
Pf3D7_09_v3	1202331	0.0654762	0.13289	0.0305191
Pf3D7_09_v3	1202333	0.0670732	0.133333	0.0292797
Pf3D7_09_v3	1202337	0.0654762	0.13245	0.0301931
Pf3D7_09_v3	1202340	0.0662651	0.13245	0.0294189
Pf3D7_09_v3	1202713	0.270492	0.352814	0.0152146
Pf3D7_09_v3	1202733	0.277778	0.359091	0.0131661
Pf3D7_09_v3	1206408	0.469231	0.329114	0.0503657
Pf3D7_09_v3	1206484	0.543478	0.452756	0.0170467
Pf3D7_09_v3	1233910	0.106061	0.0439189	0.0374622
Pf3D7_09_v3	1249583	0.00549451	0.0619335	0.0636623
Pf3D7_09_v3	1282840	0.129032	0.0598802	0.0348367
Pf3D7_09_v3	1289945	0.0735294	0.125483	0.0154166
Pf3D7_09_v3	1378602	0.17033	0.258982	0.0286519
Pf3D7_09_v3	1379145	0.565934	0.5	0.00712068
Pf3D7_09_v3	1379201	0.641304	0.703593	0.00708241
Pf3D7_09_v3	1379494	0.44086	0.509009	0.00786325
Pf3D7_09_v3	1418978	0.185185	0.128755	0.010004
Pf3D7_09_v3	1433621	0.311828	0.218563	0.0269903
Pf3D7_10_v3	70764	0.770115	0.863636	0.0371577
Pf3D7_10_v3	74855	0.116667	0.0576324	0.025469
Pf3D7_10_v3	75884	0.60119	0.713141	0.0344048
Pf3D7_10_v3	87116	0.0588235	0.13255	0.0383597
Pf3D7_10_v3	87154	0.553571	0.42953	0.0376263
Pf3D7_10_v3	146075	0.134409	0.0598802	0.0398827
Pf3D7_10_v3	153264	0.0714286	0.131229	0.0225479
Pf3D7_10_v3	153572	0.0526316	0.121575	0.038027
Pf3D7_10_v3	155895	0.107527	0.0495495	0.0274647
Pf3D7_10_v3	175674	0.590909	0.667219	0.0123617
Pf3D7_10_v3	233558	0.198718	0.273885	0.0178826
Pf3D7_10_v3	241898	0.951613	0.893713	0.0283488
Pf3D7_10_v3	325616	0.122642	0.226236	0.0550636
Pf3D7_10_v3	331755	0.0820896	0.235669	0.131564
Pf3D7_10_v3	336274	0.698413	0.810662	0.0456048
Pf3D7_10_v3	372920	0.252688	0.178679	0.0179866
Pf3D7_10_v3	382041	0.816092	0.898026	0.0325814
Pf3D7_10_v3	395076	0.0706522	0.122754	0.0171791
Pf3D7_10_v3	397013	0.826087	0.71021	0.0487172
Pf3D7_10_v3	416039	0.77957	0.887387	0.0539096
Pf3D7_10_v3	471382	0.360215	0.42515	0.00755676
Pf3D7_10_v3	487745	0.725806	0.782934	0.00754773
Pf3D7_10_v3	489227	0.0659341	0.167169	0.0652506
Pf3D7_10_v3	493346	0.0824176	0.0136364	0.0673217
Pf3D7_10_v3	504499	0.0752688	0.127628	0.0163975
Pf3D7_10_v3	511300	0.217391	0.291291	0.015573
Pf3D7_10_v3	513474	0.7375	0.8375	0.0390136
Pf3D7_10_v3	513667	0.0738636	0.130699	0.0200847
Pf3D7_10_v3	538449	0.335165	0.242515	0.0251093
Pf3D7_10_v3	558456	0.34375	0.436426	0.0201585
Pf3D7_10_v3	558458	0.176829	0.267241	0.0278605
Pf3D7_10_v3	588572	0.0494505	0.118976	0.0398088
Pf3D7_10_v3	603038	0	0.0672269	0.109475
Pf3D7_10_v3	605295	0.220588	0.29223	0.0144656
Pf3D7_10_v3	606541	0.05	0.101639	0.0216763
Pf3D7_10_v3	631276	0.730769	0.677711	0.00450017
Pf3D7_10_v3	675913	0.423913	0.5	0.0116749
Pf3D7_10_v3	676002	0.440217	0.491018	0.0023184
Pf3D7_10_v3	682363	0.435484	0.515015	0.0130856
Pf3D7_10_v3	682381	0.44086	0.5	0.00503045
Pf3D7_10_v3	694878	0.0857143	0.139423	0.0174884
Pf3D7_10_v3	714013	0.358696	0.297904	0.00688567
Pf3D7_10_v3	720653	0.0965909	0.0219436	0.0649099
Pf3D7_10_v3	728132	0.307692	0.379939	0.0110754
Pf3D7_10_v3	740709	0.266304	0.379154	0.0362942
Pf3D7_10_v3	762490	0.0104167	0.0903846	0.107888
Pf3D7_10_v3	764091	0.363014	0.421429	0.00345042
Pf3D7_10_v3	797802	0.139241	0.19391	0.0102021
Pf3D7_10_v3	801619	0.159341	0.300305	0.0733872
Pf3D7_10_v3	821899	0.742857	0.829749	0.0273094
Pf3D7_10_v3	876056	0.134409	0.0778443	0.018802
Pf3D7_10_v3	878609	0.0948276	0.154804	0.0204655
Pf3D7_10_v3	878682	0.196721	0.330224	0.0646559
Pf3D7_10_v3	921759	0.0215054	0.0870871	0.0543133
Pf3D7_10_v3	922020	0.591398	0.642424	0.00250187
Pf3D7_10_v3	922261	0.392473	0.331325	0.00623106
Pf3D7_10_v3	927923	0.376344	0.431138	0.00358948
Pf3D7_10_v3	989350	0.0806452	0.0149701	0.0609392
Pf3D7_10_v3	992820	0.0645161	0.148649	0.0471031
Pf3D7_10_v3	1046851	0.13587	0.0449102	0.0654248
Pf3D7_10_v3	1060498	0.0511364	0.104863	0.0241991
Pf3D7_10_v3	1063886	0.130952	0.0732484	0.020637
Pf3D7_10_v3	1077376	0.107527	0.0271084	0.0661421
Pf3D7_10_v3	1111441	0.395062	0.465839	0.00947143
Pf3D7_10_v3	1116062	0.111111	0.0557692	0.0251976
Pf3D7_10_v3	1126676	0.384615	0.441896	0.00420984
Pf3D7_10_v3	1138019	0.348837	0.298742	0.00240567
Pf3D7_10_v3	1166708	0.0430108	0.102102	0.0316535
Pf3D7_10_v3	1172712	0.731183	0.666168	0.00910539
Pf3D7_10_v3	1217557	0.0645161	0.123123	0.0233525
Pf3D7_10_v3	1228817	0.15873	0.229021	0.0182694
Pf3D7_10_v3	1277622	0.054878	0.107143	0.020748
Pf3D7_10_v3	1326014	0.0294118	0.107807	0.0756291
Pf3D7_10_v3	1326050	0.452381	0.614173	0.0888939
Pf3D7_10_v3	1326055	0.5	0.594488	0.0247318
Pf3D7_10_v3	1380034	0.0913978	0.148485	0.0169196
Pf3D7_10_v3	1380549	0.269231	0.159021	0.0454318
Pf3D7_10_v3	1381611	0.215054	0.16018	0.0088792
Pf3D7_10_v3	1381905	0.349462	0.282282	0.00980663
Pf3D7_10_v3	1384253	0.336207	0.28252	0.00155979
Pf3D7_10_v3	1386094	0.0984848	0.184524	0.0372923
Pf3D7_10_v3	1386107	0.101695	0.219665	0.0692727
Pf3D7_10_v3	1386913	0.360215	0.415123	0.00339521
Pf3D7_10_v3	1387021	0.623656	0.530395	0.0199799
Pf3D7_10_v3	1387048	0.682796	0.562883	0.0375631
Pf3D7_10_v3	1387402	0.13587	0.212766	0.0237389
Pf3D7_10_v3	1388554	0.225275	0.136228	0.0332633
Pf3D7_10_v3	1389266	0.566667	0.65015	0.0158746
Pf3D7_10_v3	1389354	0.10989	0.161677	0.0110547
Pf3D7_10_v3	1389367	0.291209	0.358859	0.00965392
Pf3D7_10_v3	1392758	0.770115	0.830671	0.0109372
Pf3D7_10_v3	1392773	0.770115	0.824367	0.00757142
Pf3D7_10_v3	1405160	0.721591	0.628882	0.0229321
Pf3D7_10_v3	1414525	0.40625	0.341004	0.0056869
Pf3D7_10_v3	1414537	0.8125	0.75	0.0088704
Pf3D7_10_v3	1414598	0.0952381	0.158333	0.0190515
Pf3D7_10_v3	1414637	0.0671642	0.118257	0.0149595
Pf3D7_10_v3	1415066	0.111111	0.185053	0.0256475
Pf3D7_10_v3	1509426	0.172043	0.239521	0.0147255
Pf3D7_10_v3	1551526	0.521505	0.59009	0.00858334
Pf3D7_10_v3	1551542	0.0806452	0.173653	0.0501557
Pf3D7_10_v3	1551543	0.0806452	0.173653	0.0501557
Pf3D7_10_v3	1552485	0.758065	0.815868	0.00895351
Pf3D7_11_v3	119609	0.321918	0.377483	0.00358228
Pf3D7_11_v3	120055	0.375	0.428315	0.00178291
Pf3D7_11_v3	120802	0.0844156	0.0342466	0.027249
Pf3D7_11_v3	139030	0.429348	0.515152	0.0159224
Pf3D7_11_v3	146436	0.894737	0.945687	0.0210655
Pf3D7_11_v3	154299	0.11236	0.0594512	0.0200832
Pf3D7_11_v3	185697	0.217742	0.293774	0.0155754
Pf3D7_11_v3	214842	0.22043	0.151652	0.0172129
Pf3D7_11_v3	284399	0.666667	0.759136	0.0245359
Pf3D7_11_v3	300038	0.247312	0.143713	0.0431337
Pf3D7_11_v3	325228	0.102151	0.0134731	0.0944977
Pf3D7_11_v3	330305	0.446237	0.39006	0.00389846
Pf3D7_11_v3	408251	0.2875	0.128099	0.131324
Pf3D7_11_v3	408320	0.239583	0.121457	0.0716696
Pf3D7_11_v3	408413	0.178571	0.116601	0.0200447
Pf3D7_11_v3	410321	0.550633	0.649533	0.0252938
Pf3D7_11_v3	433376	0.225806	0.136228	0.0338429
Pf3D7_11_v3	454669	0.55814	0.44697	0.0313422
Pf3D7_11_v3	473241	0.602273	0.676259	0.0140236
Pf3D7_11_v3	474387	0.71875	0.77541	0.00736197
Pf3D7_11_v3	477922	0.277174	0.365269	0.0206171
Pf3D7_11_v3	526330	0.375	0.317518	0.00493374
Pf3D7_11_v3	527670	0.3	0.235937	0.00919491
Pf3D7_11_v3	528525	0.246988	0.31348	0.0105749
Pf3D7_11_v3	528561	0.25	0.310127	0.00761797
Pf3D7_11_v3	532676	0.0597015	0.00830565	0.0563857
Pf3D7_11_v3	581671	0.0194805	0.0765472	0.047935
Pf3D7_11_v3	581678	0.0194805	0.0765472	0.047935
Pf3D7_11_v3	581688	0.0263158	0.0770492	0.0342162
Pf3D7_11_v3	592511	0.718391	0.781346	0.0131851
Pf3D7_11_v3	593409	0.0568182	0.111782	0.0238473
Pf3D7_11_v3	644562	0.201087	0.278614	0.0185583
Pf3D7_11_v3	659633	0.0271739	0.0773994	0.0308234
Pf3D7_11_v3	690218	0.0434783	0.13189	0.0784768
Pf3D7_11_v3	694933	0.505376	0.454819	0.00182775
Pf3D7_11_v3	696098	0.706522	0.770042	0.00784277
Pf3D7_11_v3	719742	0.25	0.178144	0.0170428
Pf3D7_11_v3	723137	0.0543478	0.10961	0.0236357
Pf3D7_11_v3	723280	0.456044	0.354354	0.0256714
Pf3D7_11_v3	725183	0.956989	0.903904	0.025859
Pf3D7_11_v3	740809	0.313433	0.17619	0.0767525
Pf3D7_11_v3	753550	0.44086	0.362952	0.0128502
Pf3D7_11_v3	770149	0.0114943	0.0625	0.0467899
Pf3D7_11_v3	778298	0.822917	0.888672	0.0217067
Pf3D7_11_v3	779931	0.0288462	0.103896	0.0637462
Pf3D7_11_v3	812065	0.148438	0.209386	0.0127667
Pf3D7_11_v3	815621	0.244565	0.173653	0.0170593
Pf3D7_11_v3	828596	0.968085	0.875	0.0992515
Pf3D7_11_v3	897536	0.0815217	0.14006	0.0197515
Pf3D7_11_v3	902534	0.284946	0.199102	0.023487
Pf3D7_11_v3	903176	0.0806452	0.0239521	0.0405689
Pf3D7_11_v3	955424	0.032967	0.0838323	0.0293846
Pf3D7_11_v3	1009859	0.476744	0.592715	0.0322825
Pf3D7_11_v3	1010386	0.0872093	0.0248344	0.0460306
Pf3D7_11_v3	1015699	0.0212766	0.0792683	0.0528742
Pf3D7_11_v3	1020134	0.39011	0.465361	0.0114269
Pf3D7_11_v3	1020258	0.142857	0.080303	0.0235252
Pf3D7_11_v3	1033750	0.360215	0.423653	0.00699485
Pf3D7_11_v3	1038134	0.139785	0.224398	0.029349
Pf3D7_11_v3	1043346	0.448276	0.539384	0.0207941
Pf3D7_11_v3	1057437	0.150538	0.222222	0.0183615
Pf3D7_11_v3	1058035	0.123656	0.193443	0.0190494
Pf3D7_11_v3	1109496	0.0806452	0.0254491	0.0379369
Pf3D7_11_v3	1114208	0.277174	0.404192	0.0457696
Pf3D7_11_v3	1120257	0.103261	0.158055	0.0136362
Pf3D7_11_v3	1126115	0.586207	0.516517	0.00881509
Pf3D7_11_v3	1172708	0.0888889	0.0317221	0.0356303
Pf3D7_11_v3	1177029	0.16129	0.107784	0.0120672
Pf3D7_11_v3	1181093	0.5125	0.718504	0.15762
Pf3D7_11_v3	1194588	0.108696	0.0568862	0.0204884
Pf3D7_11_v3	1204563	0.129032	0.0740181	0.0185696
Pf3D7_11_v3	1208199	0.0752688	0.138973	0.0250102
Pf3D7_11_v3	1209400	0.5	0.429429	0.00916785
Pf3D7_11_v3	1219745	0.211957	0.283784	0.014995
Pf3D7_11_v3	1221218	0.0752688	0.0166667	0.0502857
Pf3D7_11_v3	1243999	0.241935	0.177711	0.0125358
Pf3D7_11_v3	1256754	0.353261	0.27994	0.0126873
Pf3D7_11_v3	1258215	0.107527	0.048048	0.0296709
Pf3D7_11_v3	1263156	0.119565	0.203593	0.0321698
Pf3D7_11_v3	1313769	0.633333	0.724561	0.0239087
Pf3D7_11_v3	1329813	0.243243	0.161512	0.0248403
Pf3D7_11_v3	1333829	0.784946	0.878378	0.0390962
Pf3D7_11_v3	1346717	0.112903	0.0405405	0.0475177
Pf3D7_11_v3	1355726	0.241935	0.364865	0.0453955
Pf3D7_11_v3	1385066	0.179348	0.112613	0.0203123
Pf3D7_11_v3	1404465	0.0698925	0.134731	0.0275137
Pf3D7_11_v3	1446717	0.048913	0.122356	0.0436309
Pf3D7_11_v3	1457009	0.0591398	0.112613	0.0211129
Pf3D7_11_v3	1457366	0.107527	0.0434132	0.0363209
Pf3D7_11_v3	1464120	0.440217	0.387387	0.00296455
Pf3D7_11_v3	1468039	0.677778	0.60961	0.00939534
Pf3D7_11_v3	1476547	0.290323	0.216216	0.0156727
Pf3D7_11_v3	1484887	0.145161	0.0651515	0.0424364
Pf3D7_11_v3	1508304	0.0416667	0.101476	0.0359598
Pf3D7_11_v3	1539737	0.168478	0.227545	0.0104785
Pf3D7_11_v3	1543626	0.406593	0.542042	0.0474734
Pf3D7_11_v3	1543806	0.230769	0.163664	0.0150582
Pf3D7_11_v3	1563261	0.0815217	0.168168	0.0437308
Pf3D7_11_v3	1563321	0.604396	0.541916	0.0063376
Pf3D7_11_v3	1570319	0.0923913	0.159247	0.0224152
Pf3D7_11_v3	1621852	0.298913	0.35994	0.00702517
Pf3D7_11_v3	1628393	0.119565	0.0572289	0.0297665
Pf3D7_11_v3	1638400	0.204819	0.132166	0.0217751
Pf3D7_11_v3	1640186	0.38172	0.450151	0.0083973
Pf3D7_11_v3	1640263	0.340659	0.234139	0.0343806
Pf3D7_11_v3	1640669	0.641176	0.702128	0.00711133
Pf3D7_11_v3	1640767	0.295775	0.366667	0.0120063
Pf3D7_11_v3	1646797	0.354839	0.300898	0.00430493
Pf3D7_11_v3	1651415	0.0647059	0.0144231	0.0414507
Pf3D7_11_v3	1655530	0.705882	0.640351	0.00824554
Pf3D7_11_v3	1677370	0.0806452	0.146084	0.0251079
Pf3D7_11_v3	1712039	0.193548	0.248503	0.0075265
Pf3D7_11_v3	1743972	0.397849	0.448949	0.00233481
Pf3D7_11_v3	1750995	0.508621	0.373967	0.0482666
Pf3D7_11_v3	1802201	0.246377	0.183929	0.0104
Pf3D7_11_v3	1807591	0.645161	0.735736	0.0224189
Pf3D7_11_v3	1807598	0.650538	0.736527	0.0198896
Pf3D7_11_v3	1807616	0.639785	0.723724	0.0182224
Pf3D7_11_v3	1807633	0.639785	0.726048	0.0196311
Pf3D7_11_v3	1807675	0.288043	0.231928	0.00636954
Pf3D7_11_v3	1811834	0.75	0.850904	0.0403464
Pf3D7_11_v3	1866942	0.139785	0.0838323	0.0171615
Pf3D7_11_v3	1935051	0.905063	0.959707	0.0267522
Pf3D7_11_v3	1935227	0.769737	0.836397	0.0132025
Pf3D7_11_v3	1986214	0.263441	0.320359	0.00622365
Pf3D7_11_v3	1986217	0.263441	0.320359	0.00622365
Pf3D7_11_v3	2001345	0.701389	0.650641	0.00264791
Pf3D7_11_v3	2001759	0.777778	0.714953	0.00949164
Pf3D7_11_v3	2003008	0.101124	0.0467742	0.0247443
Pf3D7_12_v3	70130	0.157609	0.0645646	0.0567351
Pf3D7_12_v3	70562	0.145161	0.0763473	0.0293575
Pf3D7_12_v3	90666	0.423913	0.359281	0.00733133
Pf3D7_12_v3	92535	0.298913	0.231231	0.0116196
Pf3D7_12_v3	96155	0.584906	0.404382	0.09744
Pf3D7_12_v3	96157	0.584906	0.402778	0.0994453
Pf3D7_12_v3	96388	0.514085	0.394198	0.037703
Pf3D7_12_v3	96594	0.5	0.388333	0.0344848
Pf3D7_12_v3	102417	0.768817	0.820359	0.0063041
Pf3D7_12_v3	117373	0.107527	0.0568862	0.0190312
Pf3D7_12_v3	175141	0.188235	0.108434	0.0320352
Pf3D7_12_v3	176660	0.935484	0.827844	0.0721173
Pf3D7_12_v3	201213	0.0824176	0.133634	0.0144441
Pf3D7_12_v3	217436	0.152174	0.0974026	0.0135338
Pf3D7_12_v3	350796	0.515152	0.571685	0.00263311
Pf3D7_12_v3	362721	0.152941	0.061747	0.0581502
Pf3D7_12_v3	365098	0.0737705	0.135452	0.0269788
Pf3D7_12_v3	367530	0.0833333	0.149225	0.0264303
Pf3D7_12_v3	371843	0.0365854	0.110577	0.0525803
Pf3D7_12_v3	372080	0.698718	0.648089	0.00270226
Pf3D7_12_v3	372638	0.0537634	0.117825	0.031602
Pf3D7_12_v3	386081	0.175325	0.409657	0.180713
Pf3D7_12_v3	401108	0.26087	0.18	0.0214311
Pf3D7_12_v3	418961	0.354167	0.294014	0.0059426
Pf3D7_12_v3	428850	0.897849	0.963636	0.0421325
Pf3D7_12_v3	476635	0.211957	0.280967	0.0130166
Pf3D7_12_v3	492095	0.761194	0.666667	0.0288515
Pf3D7_12_v3	532131	0.103448	0.158307	0.0138651
Pf3D7_12_v3	649400	0.483871	0.556886	0.0101681
Pf3D7_12_v3	659820	0.142857	0.089939	0.014021
Pf3D7_12_v3	679192	0.375	0.23503	0.0599167
Pf3D7_12_v3	698136	0.752688	0.817365	0.0126687
Pf3D7_12_v3	702052	0.456044	0.385542	0.00906353
Pf3D7_12_v3	718518	0.00537634	0.0810811	0.0907556
Pf3D7_12_v3	726602	0.505376	0.409639	0.0210779
Pf3D7_12_v3	786224	0.431373	0.354077	0.011842
Pf3D7_12_v3	802677	0.0322581	0.0973054	0.0442918
Pf3D7_12_v3	812812	0.266304	0.186186	0.0210804
Pf3D7_12_v3	836994	0.25	0.302508	0.00409611
Pf3D7_12_v3	861990	0.0806452	0.134441	0.0160521
Pf3D7_12_v3	862371	0.106742	0.0515152	0.0242416
Pf3D7_12_v3	907264	0.849462	0.799401	0.00710097
Pf3D7_12_v3	942525	0.328358	0.423469	0.0241268
Pf3D7_12_v3	943339	0.417808	0.476974	0.00440041
Pf3D7_12_v3	994408	0.103261	0.027027	0.0614311
Pf3D7_12_v3	1005145	0.327778	0.244615	0.0185133
Pf3D7_12_v3	1014752	0.532468	0.468553	0.00632558
Pf3D7_12_v3	1015328	0.260563	0.325397	0.00975749
Pf3D7_12_v3	1020211	0.27957	0.197605	0.0212793
Pf3D7_12_v3	1037370	0.110294	0.057947	0.0214657
Pf3D7_12_v3	1054417	0.1625	0.111285	0.0104664
Pf3D7_12_v3	1068436	0.231183	0.179641	0.0059656
Pf3D7_12_v3	1100564	0.28022	0.18865	0.0282016
Pf3D7_12_v3	1148728	0.0446429	0.141921	0.0754856
Pf3D7_12_v3	1162825	0.0432099	0.11032	0.0381283
Pf3D7_12_v3	1172157	0.347826	0.251543	0.025638
Pf3D7_12_v3	1174709	0.784615	0.854779	0.018146
Pf3D7_12_v3	1193690	0.152174	0.214502	0.012908
Pf3D7_12_v3	1212117	0.5	0.444681	0.000402902
Pf3D7_12_v3	1221479	0.09375	0.157439	0.0200577
Pf3D7_12_v3	1224231	0.0483871	0.103239	0.0373237
Pf3D7_12_v3	1229032	0.778409	0.725758	0.00544184
Pf3D7_12_v3	1242169	0	0.0550162	0.0732768
Pf3D7_12_v3	1242325	0.0852273	0.0114379	0.075009
Pf3D7_12_v3	1243586	0.0724638	0.129032	0.0196211
Pf3D7_12_v3	1306870	0.284946	0.213636	0.0140166
Pf3D7_12_v3	1320059	0.607527	0.502994	0.0264271
Pf3D7_12_v3	1338543	0.247312	0.354354	0.033596
Pf3D7_12_v3	1395317	0.208333	0.137255	0.0194828
Pf3D7_12_v3	1415954	0.301075	0.387725	0.0186574
Pf3D7_12_v3	1523361	0.00666667	0.0848485	0.101528
Pf3D7_12_v3	1541425	0.129032	0.183891	0.0108028
Pf3D7_12_v3	1548647	0.247312	0.186747	0.0099988
Pf3D7_12_v3	1555889	0.446237	0.504545	0.00421588
Pf3D7_12_v3	1559910	0.193548	0.11976	0.024062
Pf3D7_12_v3	1560552	0.28022	0.336858	0.00550061
Pf3D7_12_v3	1640056	0.270833	0.335052	0.00824001
Pf3D7_12_v3	1653113	0.194444	0.128483	0.0175235
Pf3D7_12_v3	1657336	0.11039	0.0600707	0.0165738
Pf3D7_12_v3	1660616	0.238636	0.29491	0.00643059
Pf3D7_12_v3	1662491	0.823171	0.753226	0.0153047
Pf3D7_12_v3	1662569	0.104651	0.15894	0.0128369
Pf3D7_12_v3	1663492	0.257353	0.387218	0.0501548
Pf3D7_12_v3	1667498	0.361702	0.4375	0.012039
Pf3D7_12_v3	1677214	0.0138889	0.10241	0.134088
Pf3D7_12_v3	1685197	0.837838	0.897993	0.0177312
Pf3D7_12_v3	1685220	0.891892	0.945946	0.0233403
Pf3D7_12_v3	1751790	0.0934066	0.0230769	0.057541
Pf3D7_12_v3	1761565	0.0860215	0.137725	0.0139618
Pf3D7_12_v3	1762722	0.0322581	0.0903614	0.0365227
Pf3D7_12_v3	1776228	0.854839	0.804217	0.00769971
Pf3D7_12_v3	1787279	0.326087	0.268997	0.0056039
Pf3D7_12_v3	1819120	0.11828	0.0613772	0.0228536
Pf3D7_12_v3	1907374	0.0815217	0.0237342	0.0406674
Pf3D7_12_v3	1911781	0.0277778	0.0813253	0.0346579
Pf3D7_12_v3	1932165	0.795699	0.854354	0.0118379
Pf3D7_12_v3	1959818	0.211765	0.137821	0.0213584
Pf3D7_12_v3	1960408	0.625	0.538298	0.0182503
Pf3D7_12_v3	1996391	0.025641	0.0763359	0.0458529
Pf3D7_12_v3	2010770	0.0752688	0.024024	0.0337289
Pf3D7_12_v3	2045903	0.0517241	0.114068	0.0340555
Pf3D7_12_v3	2045931	0.0446429	0.0965909	0.0265347
Pf3D7_12_v3	2069016	0.186047	0.254545	0.0146382
Pf3D7_12_v3	2092969	0.397849	0.501497	0.0257837
Pf3D7_12_v3	2121549	0.225275	0.167203	0.00894595
Pf3D7_12_v3	2122045	0.0388889	0.10994	0.0473811
Pf3D7_12_v3	2145373	0.493976	0.4279	0.00695542
Pf3D7_13_v3	92637	0.277027	0.392193	0.0358459
Pf3D7_13_v3	93019	0.361842	0.442997	0.0147213
Pf3D7_13_v3	93347	0.0492958	0.123355	0.0477584
Pf3D7_13_v3	127110	0.263441	0.171687	0.0298891
Pf3D7_13_v3	139545	0.376344	0.322823	0.00345578
Pf3D7_13_v3	143109	0.701087	0.627246	0.0124092
Pf3D7_13_v3	150114	0.456989	0.311178	0.0577731
Pf3D7_13_v3	155025	0.206522	0.26497	0.0082286
Pf3D7_13_v3	155834	0.274194	0.335329	0.00746907
Pf3D7_13_v3	155839	0.274194	0.330838	0.00571652
Pf3D7_13_v3	156247	0.290323	0.238024	0.00460673
Pf3D7_13_v3	156602	0.298913	0.348943	0.0028854
Pf3D7_13_v3	159086	0.298913	0.388218	0.0200226
Pf3D7_13_v3	172373	0.142045	0.0725806	0.0296738
Pf3D7_13_v3	192974	0.398148	0.549407	0.0668098
Pf3D7_13_v3	194874	0.702128	0.833333	0.0806457
Pf3D7_13_v3	211721	0.357143	0.294294	0.0074281
Pf3D7_13_v3	224564	0.806818	0.872274	0.0173198
Pf3D7_13_v3	238541	0.184783	0.122754	0.0161441
Pf3D7_13_v3	266967	0.807229	0.871951	0.017502
Pf3D7_13_v3	285932	0.342391	0.248503	0.0251309
Pf3D7_13_v3	290146	0.666667	0.605105	0.00642874
Pf3D7_13_v3	301446	0.771739	0.576347	0.113608
Pf3D7_13_v3	302053	0.731183	0.666168	0.00921691
Pf3D7_13_v3	308872	0.0738636	0.180556	0.067335
Pf3D7_13_v3	315401	0.268817	0.362121	0.0236383
Pf3D7_13_v3	315647	0.351648	0.438438	0.0175998
Pf3D7_13_v3	366693	0.0172414	0.0824561	0.0669806
Pf3D7_13_v3	367468	0.48125	0.546687	0.00742589
Pf3D7_13_v3	388631	0.0526316	0.107914	0.0281654
Pf3D7_13_v3	389148	0.115385	0.168421	0.0106759
Pf3D7_13_v3	400162	0.413978	0.349398	0.00757651
Pf3D7_13_v3	403839	0.587912	0.536364	0.00205165
Pf3D7_13_v3	441802	0.125	0.0362538	0.0687579
Pf3D7_13_v3	445694	0.787356	0.721538	0.0112644
Pf3D7_13_v3	459685	0.0526316	0.103636	0.0224221
Pf3D7_13_v3	488263	0.131579	0.0714286	0.0242056
Pf3D7_13_v3	530497	0.037037	0.134298	0.0864316
Pf3D7_13_v3	542106	0.292208	0.233974	0.00717588
Pf3D7_13_v3	569858	0.215054	0.148649	0.0157295
Pf3D7_13_v3	576501	0.688889	0.752994	0.00967373
Pf3D7_13_v3	595379	0.0197368	0.0790378	0.0490088
Pf3D7_13_v3	612670	0.0322581	0.106287	0.0546675
Pf3D7_13_v3	625988	0.107595	0.187117	0.0331927
Pf3D7_13_v3	743560	0.357143	0.466767	0.0305317
Pf3D7_13_v3	756912	0.565217	0.629909	0.00727723
Pf3D7_13_v3	758787	0.266667	0.194611	0.0160405
Pf3D7_13_v3	785145	0.13587	0.0703593	0.0278082
Pf3D7_13_v3	785310	0.163043	0.0750751	0.0468978
Pf3D7_13_v3	801722	0.659341	0.531722	0.043108
Pf3D7_13_v3	822391	0.226744	0.29402	0.0107804
Pf3D7_13_v3	878895	0.886364	0.824773	0.0171835
Pf3D7_13_v3	892326	0.219512	0.157807	0.0118296
Pf3D7_13_v3	911730	0.865591	0.919162	0.0162714
Pf3D7_13_v3	931547	0.13587	0.205438	0.0191142
Pf3D7_13_v3	944400	0.14557	0.210098	0.0153335
Pf3D7_13_v3	944480	0.196203	0.326797	0.0586487
Pf3D7_13_v3	944597	0.10625	0.212662	0.0555085
Pf3D7_13_v3	986716	0.091954	0.144144	0.0141069
Pf3D7_13_v3	1004402	0.11828	0.0495495	0.0377743
Pf3D7_13_v3	1013674	0.112903	0.18018	0.0208543
Pf3D7_13_v3	1026856	0.471264	0.409091	0.0049176
Pf3D7_13_v3	1041970	0.2	0.147541	0.00850893
Pf3D7_13_v3	1155190	0.304348	0.386228	0.0161744
Pf3D7_13_v3	1174319	0.322581	0.240181	0.0187391
Pf3D7_13_v3	1175471	0.107527	0.16055	0.0118775
Pf3D7_13_v3	1175513	0.543011	0.648318	0.0272311
Pf3D7_13_v3	1188568	0.0267857	0.10566	0.074255
Pf3D7_13_v3	1191385	0.0175439	0.0738636	0.050505
Pf3D7_13_v3	1191417	0.76	0.664706	0.0292159
Pf3D7_13_v3	1200911	0.129032	0.195195	0.0178386
Pf3D7_13_v3	1223604	0.232143	0.353306	0.0474346
Pf3D7_13_v3	1225110	0.246835	0.174837	0.0171464
Pf3D7_13_v3	1265571	0.682796	0.528443	0.0649089
Pf3D7_13_v3	1311128	0.310976	0.367834	0.00473955
Pf3D7_13_v3	1364938	0.00980392	0.0613383	0.0606603
Pf3D7_13_v3	1382698	0.461111	0.572289	0.0306086
Pf3D7_13_v3	1404127	0.744444	0.681538	0.00836633
Pf3D7_13_v3	1406105	0.766304	0.706949	0.00780787
Pf3D7_13_v3	1419144	0.177778	0.268072	0.0289956
Pf3D7_13_v3	1419415	0.309783	0.421922	0.0337339
Pf3D7_13_v3	1419424	0.641304	0.52259	0.0362772
Pf3D7_13_v3	1419427	0.263441	0.33982	0.014787
Pf3D7_13_v3	1419451	0.263441	0.341317	0.0154942
Pf3D7_13_v3	1419519	0.451613	0.372372	0.0133218
Pf3D7_13_v3	1419559	0.184783	0.288288	0.0368982
Pf3D7_13_v3	1419562	0.333333	0.25976	0.01352
Pf3D7_13_v3	1465099	0.111111	0.0519878	0.0280037
Pf3D7_13_v3	1465170	0.550562	0.643533	0.0197152
Pf3D7_13_v3	1465176	0.221591	0.34019	0.0436526
Pf3D7_13_v3	1465320	0.883721	0.938111	0.0199221
Pf3D7_13_v3	1465341	0.276471	0.36645	0.0205496
Pf3D7_13_v3	1465494	0.1625	0.250859	0.027629
Pf3D7_13_v3	1465500	0.297297	0.359862	0.00602349
Pf3D7_13_v3	1465683	0.120253	0.0633333	0.0224158
Pf3D7_13_v3	1465713	0.38961	0.328859	0.00530372
Pf3D7_13_v3	1465809	0.0304878	0.112416	0.0650199
Pf3D7_13_v3	1466078	0.550633	0.488525	0.00507869
Pf3D7_13_v3	1466231	0.75	0.812914	0.0114011
Pf3D7_13_v3	1466351	0.47619	0.538062	0.00464399
Pf3D7_13_v3	1466490	0.0243902	0.0993485	0.0637196
Pf3D7_13_v3	1478081	0.412088	0.343373	0.00887756
Pf3D7_13_v3	1557136	0.0877193	0.140152	0.0146991
Pf3D7_13_v3	1591447	0.27957	0.221557	0.00782621
Pf3D7_13_v3	1599633	0.0752688	0.148318	0.0326798
Pf3D7_13_v3	1603150	0.142857	0.277778	0.0722069
Pf3D7_13_v3	1611247	0.291209	0.375375	0.0179954
Pf3D7_13_v3	1661966	0.63587	0.541916	0.0212067
Pf3D7_13_v3	1670479	0.271739	0.215361	0.00722254
Pf3D7_13_v3	1700345	0.83871	0.90991	0.0276633
Pf3D7_13_v3	1716321	0.484127	0.536101	0.000813643
Pf3D7_13_v3	1750965	0.357143	0.241935	0.0395093
Pf3D7_13_v3	1766359	0.277778	0.200965	0.0181561
Pf3D7_13_v3	1774926	0.380435	0.471471	0.0192495
Pf3D7_13_v3	1827570	0.29375	0.237785	0.00551313
Pf3D7_13_v3	1833552	0.586207	0.64441	0.00458639
Pf3D7_13_v3	1970443	0.423913	0.50303	0.01269
Pf3D7_13_v3	1972169	0.325758	0.383094	0.00405242
Pf3D7_13_v3	1981018	0.684211	0.811203	0.0574848
Pf3D7_13_v3	1984018	0.243421	0.320132	0.01567
Pf3D7_13_v3	1986165	0.245455	0.33004	0.0206144
Pf3D7_13_v3	1992451	0.505495	0.563063	0.00432348
Pf3D7_13_v3	1995595	0.392473	0.482036	0.018413
Pf3D7_13_v3	1995602	0.204301	0.265766	0.0100644
Pf3D7_13_v3	2015562	0.0860215	0.0314371	0.033025
Pf3D7_13_v3	2043725	0.327586	0.458841	0.0467086
Pf3D7_13_v3	2046191	0.188235	0.244409	0.00765805
Pf3D7_13_v3	2074516	0.317073	0.39426	0.0140168
Pf3D7_13_v3	2078454	0.11828	0.208084	0.0367884
Pf3D7_13_v3	2090506	0.11413	0.167169	0.0116146
Pf3D7_13_v3	2102226	0.226667	0.282675	0.00691626
Pf3D7_13_v3	2104131	0.197674	0.266667	0.0145467
Pf3D7_13_v3	2110966	0.75	0.812689	0.0114268
Pf3D7_13_v3	2114339	0.553333	0.671096	0.0380001
Pf3D7_13_v3	2114518	0.584416	0.532423	0.00150973
Pf3D7_13_v3	2114559	0.00617284	0.0587248	0.0569045
Pf3D7_13_v3	2114619	0.64	0.717172	0.0141173
Pf3D7_13_v3	2115047	0.42623	0.545752	0.0421646
Pf3D7_13_v3	2115425	0.0466667	0.138365	0.0710015
Pf3D7_13_v3	2124328	0.048913	0.107784	0.0296186
Pf3D7_13_v3	2124673	0.532258	0.417665	0.0325134
Pf3D7_13_v3	2124676	0.569892	0.482036	0.0170212
Pf3D7_13_v3	2135341	0.104478	0.0477816	0.0290867
Pf3D7_13_v3	2179517	0.274194	0.211078	0.0107317
Pf3D7_13_v3	2179835	0.27957	0.368263	0.020614
Pf3D7_13_v3	2184241	0.790323	0.856287	0.0161583
Pf3D7_13_v3	2222612	0.22043	0.166168	0.00825494
Pf3D7_13_v3	2260772	0.0487805	0.105372	0.0346545
Pf3D7_13_v3	2270205	0.0416667	0.102362	0.0400038
Pf3D7_13_v3	2341466	0.172043	0.22741	0.00800302
Pf3D7_13_v3	2342565	0.370588	0.437888	0.0079517
Pf3D7_13_v3	2360342	0.00537634	0.0748503	0.0822759
Pf3D7_13_v3	2372908	0.0215054	0.0765766	0.0405403
Pf3D7_13_v3	2398176	0.663462	0.716049	0.001178
Pf3D7_13_v3	2415339	0.104651	0.0477707	0.0270752
Pf3D7_13_v3	2416845	0.0480769	0.101399	0.02873
Pf3D7_13_v3	2417849	0.463855	0.582492	0.034141
Pf3D7_13_v3	2425226	0.225806	0.171171	0.00773399
Pf3D7_13_v3	2426654	0.228261	0.280967	0.00541757
Pf3D7_13_v3	2435370	0.13253	0.225857	0.0381265
Pf3D7_13_v3	2435505	0.0804598	0.136086	0.0181173
Pf3D7_13_v3	2469447	0.593407	0.673252	0.0146018
Pf3D7_13_v3	2538667	0.0625	0.113861	0.0185219
Pf3D7_13_v3	2542603	0.494565	0.436747	0.00440939
Pf3D7_13_v3	2550299	0.682796	0.619122	0.0071318
Pf3D7_13_v3	2557082	0.707865	0.77454	0.0111279
Pf3D7_13_v3	2569833	0.206897	0.258621	0.00489671
Pf3D7_13_v3	2570188	0.0898876	0.156347	0.0238649
Pf3D7_13_v3	2575636	0.471264	0.522013	0.00191584
Pf3D7_13_v3	2576647	0.413043	0.313253	0.0255518
Pf3D7_13_v3	2594136	0.0238095	0.0813253	0.0447043
Pf3D7_13_v3	2606427	0.153226	0.089172	0.0263521
Pf3D7_13_v3	2613800	0.182796	0.261261	0.0205985
Pf3D7_13_v3	2614473	0.516129	0.577844	0.00563392
Pf3D7_13_v3	2640170	0.076087	0.155963	0.0383896
Pf3D7_13_v3	2648210	0.0806452	0.131737	0.014567
Pf3D7_13_v3	2666855	0.376344	0.431138	0.00356812
Pf3D7_13_v3	2667319	0.214286	0.142216	0.0205531
Pf3D7_13_v3	2667325	0.203297	0.14521	0.0116752
Pf3D7_13_v3	2668749	0.392473	0.30662	0.0159215
Pf3D7_13_v3	2669191	0.419355	0.35479	0.00747822
Pf3D7_13_v3	2676552	0.0860215	0.14521	0.0192847
Pf3D7_13_v3	2692122	0.630435	0.730422	0.0277758
Pf3D7_13_v3	2708269	0.0645161	0.011976	0.0477884
Pf3D7_13_v3	2728781	0.182796	0.254518	0.0168031
Pf3D7_13_v3	2734136	0.21875	0.272727	0.00568321
Pf3D7_13_v3	2734599	0.77451	0.836397	0.013581
Pf3D7_13_v3	2735298	0.12069	0.189231	0.0204525
Pf3D7_13_v3	2763569	0.0822785	0.149533	0.0278905
Pf3D7_13_v3	2763628	0.170732	0.236111	0.0144568
Pf3D7_13_v3	2767158	0.0537634	0.103916	0.0199774
Pf3D7_14_v3	42125	0.608696	0.699088	0.0202534
Pf3D7_14_v3	47725	0.603261	0.65861	0.00406025
Pf3D7_14_v3	66816	0.623656	0.757485	0.0541181
Pf3D7_14_v3	107100	0.538462	0.483434	0.00344143
Pf3D7_14_v3	109219	0.153846	0.213855	0.0118441
Pf3D7_14_v3	113980	0.130682	0.199675	0.0183411
Pf3D7_14_v3	137622	0.445652	0.590634	0.0541834
Pf3D7_14_v3	138977	0.693548	0.638462	0.00435911
Pf3D7_14_v3	144379	0.244565	0.301802	0.00680081
Pf3D7_14_v3	144382	0.244565	0.303303	0.00743005
Pf3D7_14_v3	161821	0.349462	0.420659	0.0101268
Pf3D7_14_v3	164833	0.134409	0.0795796	0.0170199
Pf3D7_14_v3	203244	0.435484	0.528443	0.019488
Pf3D7_14_v3	240153	0.209677	0.281437	0.0143907
Pf3D7_14_v3	259286	0.470588	0.531496	0.00342321
Pf3D7_14_v3	261295	0.0449438	0.119266	0.0473579
Pf3D7_14_v3	265958	0.224359	0.283871	0.00779095
Pf3D7_14_v3	271457	0.130682	0.0757576	0.0180488
Pf3D7_14_v3	271574	0.25	0.165644	0.0256529
Pf3D7_14_v3	271953	0.0561798	0.106349	0.0183676
Pf3D7_14_v3	336220	0.483696	0.399096	0.0157874
Pf3D7_14_v3	338116	0.0277778	0.10241	0.0597607
Pf3D7_14_v3	338453	0.177778	0.121257	0.0125514
Pf3D7_14_v3	371725	0.392473	0.445946	0.00320225
Pf3D7_14_v3	375235	0.774194	0.82485	0.00600864
Pf3D7_14_v3	377819	0.6375	0.787879	0.0769133
Pf3D7_14_v3	377869	0.514286	0.600917	0.0187967
Pf3D7_14_v3	377952	0.38961	0.473926	0.0166082
Pf3D7_14_v3	393502	0.543011	0.444444	0.0225397
Pf3D7_14_v3	406895	0.0107527	0.0703593	0.0586318
Pf3D7_14_v3	407383	0.494624	0.419255	0.0107161
Pf3D7_14_v3	407386	0.494624	0.41358	0.0133579
Pf3D7_14_v3	407424	0.252747	0.18125	0.0157897
Pf3D7_14_v3	415819	0.36747	0.417722	0.00203576
Pf3D7_14_v3	421792	0.357143	0.47541	0.0370944
Pf3D7_14_v3	438592	0.172043	0.0718563	0.0606176
Pf3D7_14_v3	439454	0.429348	0.528443	0.0232841
Pf3D7_14_v3	444330	0.305556	0.23503	0.0129084
Pf3D7_14_v3	444734	0.55914	0.617117	0.0047176
Pf3D7_14_v3	453738	0.27957	0.33033	0.00343639
Pf3D7_14_v3	494376	0.209677	0.290419	0.0195743
Pf3D7_14_v3	495491	0.476923	0.419048	0.00421519
Pf3D7_14_v3	500484	0.1	0.154079	0.013443
Pf3D7_14_v3	514157	0.0815217	0.144144	0.0230694
Pf3D7_14_v3	528659	0.505376	0.385542	0.0361922
Pf3D7_14_v3	564339	0.795699	0.72006	0.0172215
Pf3D7_14_v3	590793	0.258065	0.176647	0.0227359
Pf3D7_14_v3	672021	0.969512	0.91746	0.03141
Pf3D7_14_v3	674689	0.651163	0.736402	0.0216338
Pf3D7_14_v3	702604	0.0731707	0.126667	0.0166162
Pf3D7_14_v3	705163	0.107143	0.0519481	0.0239566
Pf3D7_14_v3	771541	0.468354	0.538591	0.00847573
Pf3D7_14_v3	832594	0.0930233	0.0232198	0.0591622
Pf3D7_14_v3	834646	0.465517	0.547692	0.0141069
Pf3D7_14_v3	851461	0.147727	0.0839041	0.0310115
Pf3D7_14_v3	851498	0.107143	0.172881	0.0281548
Pf3D7_14_v3	855174	0.591398	0.655689	0.00740163
Pf3D7_14_v3	868461	0.820652	0.765337	0.00777356
Pf3D7_14_v3	872598	0.538462	0.48048	0.00446046
Pf3D7_14_v3	875807	0.22043	0.166168	0.00833998
Pf3D7_14_v3	904091	0.516304	0.437879	0.0120301
Pf3D7_14_v3	904159	0.11828	0.0649547	0.0192277
Pf3D7_14_v3	918720	0.130435	0.224398	0.037591
Pf3D7_14_v3	918771	0.11828	0.185629	0.0197324
Pf3D7_14_v3	918874	0.123656	0.185629	0.0155593
Pf3D7_14_v3	919511	0.193548	0.0988024	0.0458643
Pf3D7_14_v3	942445	0.123656	0.0723684	0.0149145
Pf3D7_14_v3	944561	0.193548	0.270958	0.0187974
Pf3D7_14_v3	1034024	0.391304	0.315868	0.0128571
Pf3D7_14_v3	1093460	0.801075	0.702703	0.0316824
Pf3D7_14_v3	1106139	0.333333	0.271772	0.00762838
Pf3D7_14_v3	1159255	0.488764	0.408408	0.0136466
Pf3D7_14_v3	1171479	0.432584	0.377709	0.00347406
Pf3D7_14_v3	1177522	0.429348	0.365854	0.00631198
Pf3D7_14_v3	1178078	0.677778	0.624615	0.00333867
Pf3D7_14_v3	1225479	0.543478	0.429217	0.032194
Pf3D7_14_v3	1282233	0.1	0.0159236	0.0828967
Pf3D7_14_v3	1311382	0.0806452	0.0210843	0.0461927
Pf3D7_14_v3	1332746	0.322581	0.206949	0.0434602
Pf3D7_14_v3	1334365	0.386364	0.444444	0.00257749
Pf3D7_14_v3	1341698	0.0268817	0.0870871	0.0428705
Pf3D7_14_v3	1356284	0.209677	0.114114	0.0424526
Pf3D7_14_v3	1367225	0.78125	0.843354	0.0130493
Pf3D7_14_v3	1380024	0.233333	0.158497	0.0210832
Pf3D7_14_v3	1396078	0	0.0789474	0.123833
Pf3D7_14_v3	1467935	0.177419	0.246246	0.0150685
Pf3D7_14_v3	1485518	0.106742	0.0558912	0.0198637
Pf3D7_14_v3	1491205	0.125	0.0682819	0.0205374
Pf3D7_14_v3	1553266	0.77957	0.679758	0.030792
Pf3D7_14_v3	1554318	0.13587	0.188253	0.00976471
Pf3D7_14_v3	1610226	0.134409	0.0733533	0.023306
Pf3D7_14_v3	1656678	0.182796	0.130631	0.00993679
Pf3D7_14_v3	1671322	0.919355	0.866366	0.0161522
Pf3D7_14_v3	1687618	0.0698925	0.120482	0.0160502
Pf3D7_14_v3	1702035	0.0537634	0.106287	0.0211594
Pf3D7_14_v3	1710120	0.0238095	0.0952381	0.0821504
Pf3D7_14_v3	1748662	0.266304	0.349544	0.0180607
Pf3D7_14_v3	1757603	0.285714	0.395522	0.0348581
Pf3D7_14_v3	1787690	0.0285714	0.0802048	0.0334112
Pf3D7_14_v3	1812953	0.111111	0.0607287	0.022473
Pf3D7_14_v3	1814686	0.508333	0.456439	0.000796265
Pf3D7_14_v3	1852794	0.159091	0.23913	0.0257619
Pf3D7_14_v3	1854245	0.125	0.187307	0.0175314
Pf3D7_14_v3	1903074	0.725806	0.67515	0.00321582
Pf3D7_14_v3	1913861	0.144737	0.088843	0.0193295
Pf3D7_14_v3	1923671	0.0277778	0.0873494	0.042
Pf3D7_14_v3	1935236	0.264368	0.31571	0.00369439
Pf3D7_14_v3	1956202	0.582418	0.49848	0.0152242
Pf3D7_14_v3	1956408	0.731183	0.63142	0.0275912
Pf3D7_14_v3	1990395	0.115385	0.214567	0.0457778
Pf3D7_14_v3	2020660	0.212644	0.153968	0.0108668
Pf3D7_14_v3	2020795	0.359756	0.296875	0.0076411
Pf3D7_14_v3	2022712	0.108108	0.171617	0.0196878
Pf3D7_14_v3	2056788	0.0806452	0.0196375	0.0502114
Pf3D7_14_v3	2081365	0.0661765	0.122896	0.023256
Pf3D7_14_v3	2123742	0.156863	0.0717391	0.0486507
Pf3D7_14_v3	2128849	0.761111	0.845921	0.027737
Pf3D7_14_v3	2151020	0.451613	0.381024	0.00949001
Pf3D7_14_v3	2169240	0.190217	0.273273	0.0227663
Pf3D7_14_v3	2180762	0.00561798	0.0845921	0.0958615
Pf3D7_14_v3	2185212	0.188172	0.25303	0.0122931
Pf3D7_14_v3	2185417	0.153846	0.216867	0.0139956
Pf3D7_14_v3	2185421	0.236264	0.365964	0.0518254
Pf3D7_14_v3	2186277	0.107527	0.188253	0.0316344
Pf3D7_14_v3	2211340	0.0961538	0.208185	0.0782732
Pf3D7_14_v3	2211411	0.0727273	0.202797	0.112817
Pf3D7_14_v3	2229455	0.854839	0.796407	0.0118829
Pf3D7_14_v3	2260617	0.215054	0.290663	0.0165537
Pf3D7_14_v3	2260647	0.66129	0.713213	0.00358562
Pf3D7_14_v3	2260828	0.645161	0.732036	0.0202834
Pf3D7_14_v3	2317482	0.894444	0.959091	0.0387818
Pf3D7_14_v3	2341670	0.0860215	0.0344311	0.0285641
Pf3D7_14_v3	2354254	0.076087	0.144377	0.0287105
Pf3D7_14_v3	2355751	0.540541	0.47541	0.00665047
Pf3D7_14_v3	2370507	0.0645161	0.121257	0.0220362
Pf3D7_14_v3	2376061	0.215054	0.146707	0.0175151
Pf3D7_14_v3	2387866	0.5	0.551051	0.00237197
Pf3D7_14_v3	2401257	0.387097	0.277778	0.0330788
Pf3D7_14_v3	2416149	0.11413	0.184132	0.0227207
Pf3D7_14_v3	2443501	0.0833333	0.0170807	0.0603608
Pf3D7_14_v3	2446098	0.076087	0.0179641	0.048612
Pf3D7_14_v3	2508132	0.0388889	0.0961538	0.0310544
Pf3D7_14_v3	2509365	0.0977011	0.0467742	0.0212409
Pf3D7_14_v3	2534479	0.147059	0.0941423	0.0131006
Pf3D7_14_v3	2534828	0.0869565	0.180233	0.060502
Pf3D7_14_v3	2536485	0.305556	0.398361	0.0230862
Pf3D7_14_v3	2540228	0.172043	0.110778	0.0168582
Pf3D7_14_v3	2540274	0.27957	0.197605	0.0210795
Pf3D7_14_v3	2559751	0.463235	0.525597	0.0049971
Pf3D7_14_v3	2614155	0.0714286	0.15	0.0499655
Pf3D7_14_v3	2639935	0.195312	0.144262	0.00860366
Pf3D7_14_v3	2657342	0.340659	0.266254	0.0130829
Pf3D7_14_v3	2671772	0.34	0.428571	0.0205695
Pf3D7_14_v3	2672397	0.148148	0.227273	0.0278479
Pf3D7_14_v3	2711549	0.0416667	0.139381	0.084715
Pf3D7_14_v3	2733494	0.127907	0.216387	0.0410325
Pf3D7_14_v3	2752373	0.212329	0.352313	0.0636928
Pf3D7_14_v3	2755887	0.401515	0.301056	0.0279581
Pf3D7_14_v3	2757814	0.421687	0.496403	0.00944547
Pf3D7_14_v3	2757993	0.0735294	0.163569	0.0509779
Pf3D7_14_v3	2775038	0.45	0.376161	0.0107343
Pf3D7_14_v3	2793558	0.0268817	0.0793413	0.0341258
Pf3D7_14_v3	2846037	0.159091	0.213415	0.00872554
Pf3D7_14_v3	2857426	0.588889	0.647147	0.00486563
Pf3D7_14_v3	2858476	0.246575	0.357143	0.0392623
Pf3D7_14_v3	2859114	0.587912	0.515106	0.0102323
Pf3D7_14_v3	2861073	0.0769231	0.0170279	0.0502622
Pf3D7_14_v3	2861136	0.268817	0.204687	0.010579
Pf3D7_14_v3	2868095	0.612903	0.543413	0.00924831
Pf3D7_14_v3	2870555	0.204301	0.274775	0.0142995
Pf3D7_14_v3	2873645	0.33125	0.267628	0.00796294
Pf3D7_14_v3	2929288	0.793478	0.858607	0.0166838
Pf3D7_14_v3	2929649	0.153061	0.0897959	0.0228126
Pf3D7_14_v3	2929857	0.226415	0.0778689	0.123824
Pf3D7_14_v3	2948419	0.115854	0.0653595	0.0168909
Pf3D7_14_v3	2990352	0.0434783	0.10241	0.0318536
Pf3D7_14_v3	2998757	0.143836	0.0728814	0.0331208
Pf3D7_14_v3	2999453	0.130435	0.247899	0.0678619
Pf3D7_14_v3	3014048	0.62069	0.674699	0.00166229
Pf3D7_14_v3	3024664	0.148352	0.0778443	0.0305771
Pf3D7_14_v3	3035854	0.796703	0.740964	0.00704665
Pf3D7_14_v3	3046414	0.227778	0.161145	0.0152997
Pf3D7_14_v3	3082620	0.93956	0.88253	0.023577
Pf3D7_14_v3	3121112	0.494318	0.563898	0.00827506
Pf3D7_14_v3	3121223	0.335294	0.405751	0.00959248
Pf3D7_14_v3	3121227	0.670588	0.731861	0.00717402
Pf3D7_14_v3	3121362	0.416667	0.495283	0.0120885
Pf3D7_14_v3	3121404	0.217391	0.164087	0.00805634
Pf3D7_14_v3	3121436	0.148352	0.24	0.0324164
Pf3D7_14_v3	3121617	0.102273	0.166667	0.01982
Pf3D7_14_v3	3121724	0.614458	0.683801	0.0102242
Pf3D7_14_v3	3126446	0.0425532	0.102174	0.0346107
Pf3D7_14_v3	3154163	0.0545455	0.114458	0.0297809
Pf3D7_14_v3	3179803	0.784091	0.852665	0.017097
Pf3D7_14_v3	3189430	0.413793	0.495066	0.0129265
Pf3D7_14_v3	3189467	0.25	0.303226	0.00409185
Pf3D7_14_v3	3189536	0.428571	0.518771	0.0170198
Pf3D7_14_v3	3193558	0.636986	0.549645	0.0167685
Pf3D7_14_v3	3193676	0.2125	0.315603	0.0328335
Pf3D7_14_v3	3193685	0.20625	0.305455	0.0302056
Pf3D7_14_v3	3193695	0.217105	0.308394	0.0247553
Pf3D7_14_v3	3193696	0.217105	0.306569	0.0236318
Pf3D7_14_v3	3193703	0.220779	0.304029	0.019366
Pf3D7_14_v3	3193706	0.220779	0.300366	0.0172872
Pf3D7_14_v3	3249237	0.0430108	0.0930931	0.0232096
Pf3D7_14_v3	3255389	0.172727	0.0892857	0.0374431
Pf3D7_14_v3	3255527	0.0178571	0.090708	0.0691977
